<?xml version="1.0" encoding="utf-8"?>
<COLLADA xmlns="http://www.collada.org/2005/11/COLLADASchema" version="1.4.1">
  <asset>
    <contributor>
      <author>Mixamo</author>
      <authoring_tool>COLLADA Mixamo exporter</authoring_tool>
      <comments/>
    </contributor>
    <created>2024-05-17T12:58:41Z</created>
    <modified>2024-05-17T12:58:41Z</modified>
    <revision/>
    <title/>
    <unit meter="0.010000"/>
    <up_axis>Y_UP</up_axis>
  </asset>
  <library_animations>
    <animation id="mixamorig_Hips-anim" name="mixamorig_Hips">
      <source id="mixamorig_Hips-Matrix-animation-input">
        <float_array id="mixamorig_Hips-Matrix-animation-input-array" count="191">

0.000000 0.033333 0.066667 0.100000 0.133333 0.166667 0.200000 0.233333 0.266667 0.300000 0.333333 0.366667 0.400000 0.433333 0.466667 0.500000
0.533333 0.566667 0.600000 0.633333 0.666667 0.700000 0.733333 0.766667 0.800000 0.833333 0.866667 0.900000 0.933333 0.966667 1.000000 1.033333
1.066667 1.100000 1.133333 1.166667 1.200000 1.233333 1.266667 1.300000 1.333333 1.366667 1.400000 1.433333 1.466667 1.500000 1.533333 1.566667
1.600000 1.633333 1.666667 1.700000 1.733333 1.766667 1.800000 1.833333 1.866667 1.900000 1.933333 1.966667 2.000000 2.033333 2.066667 2.100000
2.133333 2.166667 2.200000 2.233333 2.266667 2.300000 2.333333 2.366667 2.400000 2.433333 2.466667 2.500000 2.533333 2.566667 2.600000 2.633333
2.666667 2.700000 2.733333 2.766667 2.800000 2.833333 2.866667 2.900000 2.933333 2.966667 3.000000 3.033333 3.066667 3.100000 3.133333 3.166667
3.200000 3.233333 3.266667 3.300000 3.333333 3.366667 3.400000 3.433333 3.466667 3.500000 3.533333 3.566667 3.600000 3.633333 3.666667 3.700000
3.733333 3.766667 3.800000 3.833333 3.866667 3.900000 3.933333 3.966667 4.000000 4.033333 4.066667 4.100000 4.133333 4.166667 4.200000 4.233333
4.266667 4.300000 4.333333 4.366667 4.400000 4.433333 4.466667 4.500000 4.533333 4.566667 4.600000 4.633333 4.666667 4.700000 4.733333 4.766667
4.800000 4.833333 4.866667 4.900000 4.933333 4.966667 5.000000 5.033333 5.066667 5.100000 5.133333 5.166667 5.200000 5.233333 5.266667 5.300000
5.333333 5.366667 5.400000 5.433333 5.466667 5.500000 5.533333 5.566667 5.600000 5.633333 5.666667 5.700000 5.733333 5.766667 5.800000 5.833333
5.866667 5.900000 5.933333 5.966667 6.000000 6.033333 6.066667 6.100000 6.133333 6.166667 6.200000 6.233333 6.266667 6.300000 6.333333</float_array>
        <technique_common>
          <accessor source="#mixamorig_Hips-Matrix-animation-input-array" count="191">
            <param name="TIME" type="float"/>
          </accessor>
        </technique_common>
      </source>
      <source id="mixamorig_Hips-Matrix-animation-output-transform">
        <float_array id="mixamorig_Hips-Matrix-animation-output-transform-array" count="3056">

0.997244 0.015736 -0.072509 -2.909827 -0.034957 0.961639 -0.272080 95.508705 0.065446 0.273865 0.959539 -10.392638 0.000000 0.000000 0.000000 1.000000
0.985649 0.017910 -0.167854 -2.836413 -0.064106 0.959577 -0.274047 94.793518 0.156161 0.280875 0.946955 -11.086888 0.000000 0.000000 0.000000 1.000000
0.971519 0.022894 -0.235853 -2.248212 -0.089319 0.957286 -0.275001 96.340874 0.219483 0.288235 0.932066 -10.963381 0.000000 0.000000 0.000000 1.000000
0.966080 0.008863 -0.258092 -1.463274 -0.080216 0.960272 -0.267287 99.097435 0.245470 0.278924 0.928411 -10.339972 0.000000 0.000000 0.000000 1.000000
0.966454 -0.016337 -0.256320 -0.985862 -0.051425 0.965458 -0.255433 101.203957 0.251639 0.260046 0.932231 -9.264043 0.000000 0.000000 0.000000 1.000000
0.962426 -0.032118 -0.269638 -0.848422 -0.035888 0.969225 -0.243545 101.721947 0.269163 0.244071 0.931655 -7.851745 0.000000 0.000000 0.000000 1.000000
0.952346 -0.037353 -0.302725 -0.583441 -0.032350 0.974507 -0.222014 101.072418 0.303301 0.221227 0.926859 -6.509080 0.000000 0.000000 0.000000 1.000000
0.943980 -0.029616 -0.328672 0.001165 -0.035875 0.980852 -0.191421 99.680161 0.328047 0.192489 0.924842 -5.732908 0.000000 0.000000 0.000000 1.000000
0.948964 -0.029518 -0.314000 0.786052 -0.028292 0.983629 -0.177970 98.950546 0.314113 0.177770 0.932593 -5.227634 0.000000 0.000000 0.000000 1.000000
0.966063 -0.036058 -0.255778 1.635957 -0.015221 0.980542 -0.195718 98.963829 0.257858 0.192969 0.946717 -4.589445 0.000000 0.000000 0.000000 1.000000
0.983487 -0.033608 -0.177830 2.396433 -0.006376 0.975561 -0.219637 99.685341 0.180865 0.217144 0.959237 -3.834452 0.000000 0.000000 0.000000 1.000000
0.993546 -0.027834 -0.109963 2.734580 0.002733 0.975020 -0.222101 101.202667 0.113398 0.220367 0.968803 -3.235890 0.000000 0.000000 0.000000 1.000000
0.997230 -0.031523 -0.067364 2.582679 0.016762 0.977692 -0.209374 102.921494 0.072462 0.207665 0.975513 -2.704213 0.000000 0.000000 0.000000 1.000000
0.998088 -0.040760 -0.046461 2.240544 0.030632 0.979127 -0.200927 104.093277 0.053681 0.199120 0.978504 -1.909935 0.000000 0.000000 0.000000 1.000000
0.998811 -0.038010 -0.030515 1.852717 0.031342 0.980269 -0.195169 104.468971 0.037331 0.193981 0.980295 -0.817801 0.000000 0.000000 0.000000 1.000000
0.999225 -0.039262 0.002844 1.118624 0.039139 0.983172 -0.178439 103.599930 0.004210 0.178412 0.983947 0.571774 0.000000 0.000000 0.000000 1.000000
0.996187 -0.067000 0.055875 0.346642 0.075019 0.984804 -0.156631 101.817558 -0.044532 0.160225 0.986075 2.345863 0.000000 0.000000 0.000000 1.000000
0.991961 -0.084562 0.094141 0.009048 0.098409 0.983192 -0.153782 100.886299 -0.079555 0.161810 0.983610 4.302530 0.000000 0.000000 0.000000 1.000000
0.992129 -0.079817 0.096487 0.149666 0.094974 0.981814 -0.164384 101.305367 -0.081612 0.172254 0.981666 6.267291 0.000000 0.000000 0.000000 1.000000
0.995430 -0.069319 0.065687 0.478498 0.079089 0.983911 -0.160203 102.474197 -0.053525 0.164665 0.984896 8.144284 0.000000 0.000000 0.000000 1.000000
0.998127 -0.052352 0.031645 0.614489 0.056141 0.989391 -0.133988 103.131004 -0.024295 0.135513 0.990478 9.753382 0.000000 0.000000 0.000000 1.000000
0.998537 -0.047766 0.025326 0.478360 0.050049 0.993839 -0.098888 103.389069 -0.020447 0.100011 0.994776 11.350560 0.000000 0.000000 0.000000 1.000000
0.997885 -0.044683 0.047208 0.107314 0.047418 0.997160 -0.058503 102.612534 -0.044460 0.060618 0.997170 12.683864 0.000000 0.000000 0.000000 1.000000
0.997244 -0.036853 0.064388 -0.443391 0.038105 0.999106 -0.018328 101.141556 -0.063655 0.020731 0.997757 13.574571 0.000000 0.000000 0.000000 1.000000
0.999065 -0.025654 0.034796 -0.890619 0.025768 0.999664 -0.002842 99.815712 -0.034711 0.003736 0.999390 14.195179 0.000000 0.000000 0.000000 1.000000
0.998331 -0.027334 -0.050883 -1.075770 0.026448 0.999488 -0.018011 99.519310 0.051349 0.016635 0.998542 15.033841 0.000000 0.000000 0.000000 1.000000
0.986956 -0.052164 -0.152308 -1.019684 0.047621 0.998309 -0.033327 100.565125 0.153789 0.025639 0.987771 16.187210 0.000000 0.000000 0.000000 1.000000
0.971973 -0.078653 -0.221547 -0.638211 0.074206 0.996840 -0.028336 102.684174 0.223076 0.011101 0.974738 17.492147 0.000000 0.000000 0.000000 1.000000
0.964826 -0.093885 -0.245552 0.035665 0.091260 0.995582 -0.022073 104.714813 0.246540 -0.001113 0.969132 18.925886 0.000000 0.000000 0.000000 1.000000
0.965405 -0.099667 -0.240955 0.720782 0.093483 0.994933 -0.036990 105.828262 0.243421 0.013185 0.969831 20.562494 0.000000 0.000000 0.000000 1.000000
0.968422 -0.095924 -0.230125 1.272853 0.083071 0.994426 -0.064927 105.786644 0.235071 0.043760 0.970993 22.391054 0.000000 0.000000 0.000000 1.000000
0.970724 -0.084823 -0.224721 1.788782 0.068237 0.994409 -0.080586 104.777161 0.230300 0.062893 0.971085 24.242155 0.000000 0.000000 0.000000 1.000000
0.973164 -0.065055 -0.220724 2.344742 0.049712 0.995991 -0.074371 103.367859 0.224677 0.061403 0.972497 26.228411 0.000000 0.000000 0.000000 1.000000
0.977495 -0.044501 -0.206210 2.863955 0.032009 0.997467 -0.063526 102.138046 0.208515 0.055496 0.976443 28.423935 0.000000 0.000000 0.000000 1.000000
0.983435 -0.029150 -0.178904 3.520611 0.018052 0.997828 -0.063350 101.928810 0.180362 0.059071 0.981825 30.582514 0.000000 0.000000 0.000000 1.000000
0.989582 -0.018499 -0.142777 4.327836 0.010119 0.998195 -0.059196 102.376198 0.143614 0.057134 0.987983 32.539261 0.000000 0.000000 0.000000 1.000000
0.993704 -0.026506 -0.108857 5.027168 0.023786 0.999374 -0.026206 102.347466 0.109483 0.023452 0.993712 34.117466 0.000000 0.000000 0.000000 1.000000
0.995210 -0.040719 -0.088875 5.445278 0.043987 0.998414 0.035133 101.271996 0.087304 -0.038874 0.995423 35.579330 0.000000 0.000000 0.000000 1.000000
0.995214 -0.052874 -0.082174 5.726924 0.060915 0.993256 0.098650 99.576355 0.076404 -0.103183 0.991724 36.695278 0.000000 0.000000 0.000000 1.000000
0.996285 -0.053215 -0.067714 6.156618 0.061786 0.989384 0.131537 98.333435 0.059996 -0.135232 0.988996 37.353081 0.000000 0.000000 0.000000 1.000000
0.998847 -0.040956 -0.025031 7.002541 0.043784 0.991127 0.125497 98.152931 0.019669 -0.126448 0.991778 37.503647 0.000000 0.000000 0.000000 1.000000
0.998816 -0.015055 0.046250 7.921381 0.009796 0.993673 0.111888 98.970833 -0.047642 -0.111303 0.992644 37.107944 0.000000 0.000000 0.000000 1.000000
0.992109 0.011895 0.124811 8.376969 -0.027454 0.991940 0.123698 100.505417 -0.122333 -0.126149 0.984439 36.298592 0.000000 0.000000 0.000000 1.000000
0.983461 0.020776 0.179923 8.001292 -0.048694 0.987153 0.152177 102.123566 -0.174450 -0.158422 0.971838 35.281013 0.000000 0.000000 0.000000 1.000000
0.981749 0.019673 0.189162 7.246858 -0.051963 0.984537 0.167293 103.130699 -0.182946 -0.174069 0.967590 34.247856 0.000000 0.000000 0.000000 1.000000
0.987661 0.034446 0.152772 6.625946 -0.060863 0.983253 0.171783 103.563202 -0.144296 -0.178962 0.973217 33.004330 0.000000 0.000000 0.000000 1.000000
0.994098 0.066270 0.085889 5.652555 -0.081653 0.978343 0.190204 103.419563 -0.071424 -0.196094 0.977980 31.684902 0.000000 0.000000 0.000000 1.000000
0.997099 0.075237 0.011488 4.065621 -0.075944 0.973610 0.215213 102.253754 0.005007 -0.215461 0.976500 31.379608 0.000000 0.000000 0.000000 1.000000
0.997563 0.049016 -0.049646 2.579785 -0.037179 0.975641 0.216202 100.616776 0.059034 -0.213829 0.975086 31.875095 0.000000 0.000000 0.000000 1.000000
0.995941 0.030536 -0.084665 1.498460 -0.014221 0.982259 0.186992 100.101883 0.088873 -0.185029 0.978706 31.310406 0.000000 0.000000 0.000000 1.000000
0.996354 0.036023 -0.077341 1.072335 -0.022892 0.986128 0.164403 100.636108 0.082191 -0.162033 0.983357 30.970003 0.000000 0.000000 0.000000 1.000000
0.997540 0.055766 -0.042471 1.407772 -0.047994 0.984955 0.166012 101.620926 0.051090 -0.163566 0.985209 31.744030 0.000000 0.000000 0.000000 1.000000
0.996752 0.080330 -0.005635 2.128619 -0.078221 0.982464 0.169251 102.699036 0.019132 -0.168261 0.985557 32.603874 0.000000 0.000000 0.000000 1.000000
0.994455 0.101690 0.026808 3.004882 -0.104611 0.982661 0.153085 103.308800 -0.010776 -0.155040 0.987849 33.229263 0.000000 0.000000 0.000000 1.000000
0.992625 0.109053 0.052935 3.971318 -0.114946 0.985436 0.125311 102.935463 -0.038499 -0.130472 0.990704 33.959541 0.000000 0.000000 0.000000 1.000000
0.993175 0.099105 0.061489 4.861290 -0.105139 0.988982 0.104211 101.512955 -0.050484 -0.109965 0.992653 34.798557 0.000000 0.000000 0.000000 1.000000
0.995668 0.083491 0.040928 5.558995 -0.086862 0.992237 0.089002 99.773506 -0.033179 -0.092171 0.995190 35.424706 0.000000 0.000000 0.000000 1.000000
0.997363 0.072492 -0.003477 6.042826 -0.072099 0.995159 0.066792 98.804359 0.008302 -0.066365 0.997761 35.665539 0.000000 0.000000 0.000000 1.000000
0.996002 0.073659 -0.050535 6.165977 -0.071540 0.996530 0.042547 99.069244 0.053493 -0.038762 0.997816 35.396687 0.000000 0.000000 0.000000 1.000000
0.993981 0.075444 -0.079441 5.427634 -0.072990 0.996775 0.033359 100.426018 0.081701 -0.027359 0.996281 34.483093 0.000000 0.000000 0.000000 1.000000
0.994737 0.068839 -0.075892 3.923983 -0.066177 0.997120 0.037053 101.892265 0.078224 -0.031836 0.996427 33.104912 0.000000 0.000000 0.000000 1.000000
0.998019 0.049991 -0.038186 2.223380 -0.048603 0.998153 0.036451 102.744888 0.039938 -0.034522 0.998606 31.675112 0.000000 0.000000 0.000000 1.000000
0.999568 0.022361 0.019065 0.612101 -0.022835 0.999427 0.024971 102.652161 -0.018496 -0.025395 0.999506 30.195524 0.000000 0.000000 0.000000 1.000000
0.997504 -0.016028 0.068769 -0.577763 0.015611 0.999856 0.006601 100.962410 -0.068865 -0.005511 0.997611 28.344566 0.000000 0.000000 0.000000 1.000000
0.994717 -0.038089 0.095332 -1.088010 0.039498 0.999136 -0.012932 99.006561 -0.094757 0.016629 0.995362 26.070696 0.000000 0.000000 0.000000 1.000000
0.993578 -0.044760 0.103922 -1.212923 0.048115 0.998391 -0.029996 98.140869 -0.102412 0.034804 0.994133 23.266401 0.000000 0.000000 0.000000 1.000000
0.991859 -0.045935 0.118766 -1.566531 0.051018 0.997892 -0.040112 98.537872 -0.116673 0.045844 0.992112 20.486462 0.000000 0.000000 0.000000 1.000000
0.987987 -0.037223 0.149987 -2.286136 0.043829 0.998198 -0.040980 99.910011 -0.148192 0.047062 0.987838 18.381165 0.000000 0.000000 0.000000 1.000000
0.983949 -0.023245 0.176932 -2.816991 0.031226 0.998610 -0.042454 101.368164 -0.175699 0.047297 0.983307 17.087875 0.000000 0.000000 0.000000 1.000000
0.984401 -0.020045 0.174795 -2.835915 0.030200 0.997995 -0.055630 102.110977 -0.173330 0.060041 0.983032 16.129560 0.000000 0.000000 0.000000 1.000000
0.989336 -0.028711 0.142797 -2.705318 0.039310 0.996632 -0.071966 101.692436 -0.140249 0.076812 0.987132 14.929171 0.000000 0.000000 0.000000 1.000000
0.993213 -0.043568 0.107844 -2.963351 0.051950 0.995740 -0.076173 100.520248 -0.104066 0.081259 0.991245 13.372449 0.000000 0.000000 0.000000 1.000000
0.994909 -0.038616 0.093080 -3.197713 0.045502 0.996291 -0.073033 99.564796 -0.089915 0.076897 0.992976 11.696056 0.000000 0.000000 0.000000 1.000000
0.995115 -0.031433 0.093589 -3.332346 0.039072 0.995953 -0.080934 99.316101 -0.090666 0.084196 0.992316 10.055859 0.000000 0.000000 0.000000 1.000000
0.995421 -0.045690 0.083966 -3.389466 0.054130 0.993397 -0.101153 99.925682 -0.078790 0.105235 0.991321 8.711296 0.000000 0.000000 0.000000 1.000000
0.995353 -0.077673 0.056916 -3.217924 0.083976 0.989417 -0.118329 101.426971 -0.047123 0.122558 0.991342 7.535155 0.000000 0.000000 0.000000 1.000000
0.993362 -0.109931 0.033867 -2.807247 0.113372 0.985453 -0.126609 103.143692 -0.019456 0.129608 0.991374 5.993800 0.000000 0.000000 0.000000 1.000000
0.990726 -0.131764 0.033174 -2.160672 0.135014 0.982106 -0.131298 104.266205 -0.015280 0.134560 0.990788 3.790989 0.000000 0.000000 0.000000 1.000000
0.987530 -0.145791 0.059418 -1.205848 0.152632 0.979106 -0.134370 103.570168 -0.038586 0.141763 0.989148 1.154842 0.000000 0.000000 0.000000 1.000000
0.984873 -0.137160 0.105885 -0.164497 0.151329 0.978515 -0.140029 102.030846 -0.084404 0.153934 0.984470 -1.523957 0.000000 0.000000 0.000000 1.000000
0.982346 -0.091661 0.163078 0.588132 0.117684 0.980427 -0.157837 101.327011 -0.145419 0.174242 0.973906 -4.317582 0.000000 0.000000 0.000000 1.000000
0.973782 -0.043149 0.223351 0.857662 0.085189 0.979570 -0.182171 101.593735 -0.210928 0.196422 0.957564 -7.263042 0.000000 0.000000 0.000000 1.000000
0.964082 -0.027340 0.264194 1.045802 0.081125 0.977465 -0.194885 102.662064 -0.252912 0.209318 0.944575 -10.137026 0.000000 0.000000 0.000000 1.000000
0.963876 -0.043066 0.262847 1.437347 0.095845 0.976817 -0.191424 103.883583 -0.248509 0.209701 0.945658 -12.589106 0.000000 0.000000 0.000000 1.000000
0.972369 -0.056999 0.226385 1.905999 0.100455 0.977524 -0.185354 104.370186 -0.210732 0.202974 0.956239 -14.702757 0.000000 0.000000 0.000000 1.000000
0.980466 -0.052839 0.189457 2.387035 0.087708 0.979622 -0.180687 103.531586 -0.176049 0.193774 0.965121 -16.644150 0.000000 0.000000 0.000000 1.000000
0.983002 -0.052614 0.175893 2.723068 0.082852 0.982083 -0.169261 101.710007 -0.163836 0.180957 0.969749 -18.424240 0.000000 0.000000 0.000000 1.000000
0.981143 -0.077212 0.177189 2.898094 0.105855 0.981690 -0.158367 99.874336 -0.161717 0.174137 0.971352 -19.972820 0.000000 0.000000 0.000000 1.000000
0.979150 -0.111521 0.169788 3.033928 0.140037 0.976049 -0.166487 98.868675 -0.147155 0.186792 0.971316 -21.254992 0.000000 0.000000 0.000000 1.000000
0.981052 -0.124472 0.148469 3.220147 0.151659 0.970252 -0.188705 98.835091 -0.120564 0.207646 0.970746 -22.443977 0.000000 0.000000 0.000000 1.000000
0.985117 -0.116123 0.126731 3.460544 0.140498 0.968734 -0.204488 99.716988 -0.099023 0.219250 0.970631 -23.731804 0.000000 0.000000 0.000000 1.000000
0.988703 -0.096467 0.114717 3.750621 0.119161 0.970153 -0.211197 100.819748 -0.090919 0.222481 0.970688 -25.077885 0.000000 0.000000 0.000000 1.000000
0.991363 -0.074522 0.107912 3.925122 0.097384 0.969443 -0.225161 101.337463 -0.087835 0.233726 0.968327 -26.440844 0.000000 0.000000 0.000000 1.000000
0.994863 -0.041824 0.092189 3.799456 0.063997 0.965447 -0.252619 100.385330 -0.078438 0.257221 0.963164 -27.772526 0.000000 0.000000 0.000000 1.000000
0.998328 -0.003734 0.057676 3.411436 0.019769 0.959783 -0.280045 97.878258 -0.054311 0.280717 0.958253 -29.293776 0.000000 0.000000 0.000000 1.000000
0.999876 0.012252 0.009939 3.298814 -0.008719 0.954170 -0.299138 95.216095 -0.013148 0.299014 0.954158 -31.168400 0.000000 0.000000 0.000000 1.000000
0.999092 0.007029 -0.042023 3.472425 -0.019836 0.949626 -0.312758 93.521301 0.037708 0.313308 0.948903 -32.833286 0.000000 0.000000 0.000000 1.000000
0.997365 -0.005404 -0.072342 3.501614 -0.017923 0.947946 -0.317925 93.862007 0.070294 0.318384 0.945352 -33.452950 0.000000 0.000000 0.000000 1.000000
0.998205 -0.023764 -0.054972 3.413901 0.005640 0.951130 -0.308740 96.416687 0.059623 0.307875 0.949557 -33.025307 0.000000 0.000000 0.000000 1.000000
0.998927 -0.045955 -0.005680 3.470335 0.042344 0.956228 -0.289543 99.536850 0.018737 0.288992 0.957148 -32.009960 0.000000 0.000000 0.000000 1.000000
0.997734 -0.060607 0.029230 3.637826 0.066281 0.960075 -0.271777 101.455864 -0.011592 0.273098 0.961916 -30.493893 0.000000 0.000000 0.000000 1.000000
0.998183 -0.057386 0.018372 3.899870 0.060173 0.965276 -0.254207 101.977882 -0.003146 0.254851 0.966975 -28.680931 0.000000 0.000000 0.000000 1.000000
0.998264 -0.051626 -0.028354 4.316061 0.043966 0.973475 -0.224531 101.429230 0.039194 0.222895 0.974054 -27.187136 0.000000 0.000000 0.000000 1.000000
0.995922 -0.048706 -0.075944 4.667006 0.033649 0.981548 -0.188234 100.555267 0.083711 0.184911 0.979183 -26.314075 0.000000 0.000000 0.000000 1.000000
0.994799 -0.049434 -0.089053 4.773961 0.033800 0.985001 -0.169203 100.165535 0.096082 0.165313 0.981550 -25.676043 0.000000 0.000000 0.000000 1.000000
0.997667 -0.037947 -0.056754 4.908145 0.027514 0.984282 -0.174450 100.515121 0.062482 0.172482 0.983029 -24.852127 0.000000 0.000000 0.000000 1.000000
0.999768 -0.021385 -0.002405 4.972109 0.020570 0.982494 -0.185156 101.723259 0.006322 0.185064 0.982706 -23.861490 0.000000 0.000000 0.000000 1.000000
0.999257 -0.016591 0.034777 4.629321 0.022840 0.981938 -0.187817 103.022308 -0.031033 0.188472 0.981588 -22.721788 0.000000 0.000000 0.000000 1.000000
0.999498 -0.013624 0.028613 4.208903 0.018793 0.981800 -0.188984 104.273392 -0.025518 0.189427 0.981563 -21.353207 0.000000 0.000000 0.000000 1.000000
0.999870 0.001362 -0.016058 3.658257 -0.004451 0.981009 -0.193913 105.026772 0.015489 0.193959 0.980887 -19.768089 0.000000 0.000000 0.000000 1.000000
0.997723 0.011160 -0.066515 2.706060 -0.023981 0.980467 -0.195216 104.279358 0.063037 0.196367 0.978502 -17.862328 0.000000 0.000000 0.000000 1.000000
0.995691 -0.006456 -0.092511 1.566662 -0.011286 0.981722 -0.189983 102.672310 0.092046 0.190209 0.977419 -15.592361 0.000000 0.000000 0.000000 1.000000
0.994531 -0.033168 -0.099038 0.549384 0.013808 0.981668 -0.190100 101.403358 0.103528 0.187693 0.976757 -13.002440 0.000000 0.000000 0.000000 1.000000
0.992986 -0.050338 -0.106981 -0.312238 0.028564 0.980174 -0.196069 101.367371 0.114730 0.191638 0.974737 -10.553622 0.000000 0.000000 0.000000 1.000000
0.990079 -0.035883 -0.135852 -0.960339 0.009673 0.981954 -0.188873 101.830704 0.140177 0.185686 0.972559 -8.796753 0.000000 0.000000 0.000000 1.000000
0.983418 -0.013674 -0.180838 -1.301470 -0.015473 0.987191 -0.158790 102.685371 0.180693 0.158955 0.970610 -7.136541 0.000000 0.000000 0.000000 1.000000
0.976426 0.003414 -0.215825 -1.586115 -0.029674 0.992505 -0.118549 103.047417 0.213803 0.122158 0.969209 -5.572196 0.000000 0.000000 0.000000 1.000000
0.973829 0.005496 -0.227215 -1.962595 -0.024538 0.996407 -0.081064 102.473709 0.225953 0.084518 0.970465 -4.132071 0.000000 0.000000 0.000000 1.000000
0.976045 0.002257 -0.217559 -2.391021 -0.013619 0.998619 -0.050738 101.416840 0.217144 0.052486 0.974728 -2.865434 0.000000 0.000000 0.000000 1.000000
0.978309 -0.002899 -0.207133 -2.674953 -0.005057 0.999270 -0.037873 100.681992 0.207091 0.038099 0.977580 -1.614988 0.000000 0.000000 0.000000 1.000000
0.973568 -0.019285 -0.227583 -2.628445 0.007854 0.998667 -0.051024 100.546516 0.228263 0.047888 0.972421 -0.172639 0.000000 0.000000 0.000000 1.000000
0.959990 -0.042316 -0.276820 -2.219589 0.023788 0.997267 -0.069951 101.367546 0.279023 0.060568 0.958372 1.517642 0.000000 0.000000 0.000000 1.000000
0.947562 -0.061502 -0.313598 -1.592933 0.042606 0.996859 -0.066764 102.955421 0.316719 0.049902 0.947206 3.349076 0.000000 0.000000 0.000000 1.000000
0.947962 -0.071179 -0.310325 -0.848956 0.058954 0.997076 -0.048610 104.614059 0.312878 0.027785 0.949387 5.268421 0.000000 0.000000 0.000000 1.000000
0.958256 -0.075876 -0.275660 -0.139954 0.067509 0.996927 -0.039730 105.612747 0.277828 0.019462 0.960434 7.352577 0.000000 0.000000 0.000000 1.000000
0.969815 -0.071293 -0.233185 0.395356 0.062801 0.997071 -0.043654 105.468170 0.235615 0.027692 0.971452 9.682092 0.000000 0.000000 0.000000 1.000000
0.978900 -0.055977 -0.196524 0.762470 0.047665 0.997767 -0.046780 104.444626 0.198704 0.036425 0.979382 12.136307 0.000000 0.000000 0.000000 1.000000
0.985143 -0.038783 -0.167297 1.092534 0.031588 0.998467 -0.045456 102.686302 0.168804 0.039497 0.984858 14.751751 0.000000 0.000000 0.000000 1.000000
0.988820 -0.020308 -0.147725 1.501486 0.013256 0.998732 -0.048564 101.575539 0.148523 0.046062 0.987836 17.525942 0.000000 0.000000 0.000000 1.000000
0.989692 -0.006318 -0.143076 2.118782 -0.001446 0.998534 -0.054100 101.585724 0.143208 0.053750 0.988232 20.060795 0.000000 0.000000 0.000000 1.000000
0.989246 -0.016178 -0.145361 2.718185 0.010216 0.999079 -0.041667 101.777534 0.145901 0.039734 0.988501 21.935265 0.000000 0.000000 0.000000 1.000000
0.992012 -0.017970 -0.124858 2.477323 0.014939 0.999572 -0.025169 101.968018 0.125256 0.023102 0.991855 24.552696 0.000000 0.000000 0.000000 1.000000
0.995992 0.000217 -0.089440 1.894606 -0.001702 0.999862 -0.016523 101.826614 0.089424 0.016609 0.995855 27.669670 0.000000 0.000000 0.000000 1.000000
0.998339 0.023797 -0.052473 1.676004 -0.023424 0.999696 0.007727 101.090424 0.052641 -0.006485 0.998592 30.113207 0.000000 0.000000 0.000000 1.000000
0.999112 0.040789 -0.010550 2.331141 -0.040404 0.998590 0.034422 99.799065 0.011939 -0.033965 0.999352 31.160395 0.000000 0.000000 0.000000 1.000000
0.997450 0.056934 0.043039 3.213739 -0.058085 0.997973 0.025993 99.245621 -0.041472 -0.028426 0.998735 31.810892 0.000000 0.000000 0.000000 1.000000
0.991791 0.080509 0.099346 4.173493 -0.081360 0.996674 0.004546 99.893066 -0.098650 -0.012591 0.995043 32.034161 0.000000 0.000000 0.000000 1.000000
0.981894 0.111558 0.153101 4.890358 -0.113686 0.993503 0.005187 101.576561 -0.151528 -0.022498 0.988197 31.771286 0.000000 0.000000 0.000000 1.000000
0.970864 0.133438 0.199043 4.821590 -0.141874 0.989469 0.028677 103.519783 -0.193121 -0.056081 0.979571 31.066326 0.000000 0.000000 0.000000 1.000000
0.964743 0.141153 0.222141 4.048857 -0.155621 0.986603 0.048945 104.766167 -0.212257 -0.081789 0.973785 30.119652 0.000000 0.000000 0.000000 1.000000
0.968957 0.142139 0.202283 3.056679 -0.157164 0.985737 0.060180 104.955711 -0.190844 -0.090103 0.977476 29.292654 0.000000 0.000000 0.000000 1.000000
0.980981 0.143983 0.130175 2.142100 -0.154850 0.984888 0.077573 104.338074 -0.117039 -0.096255 0.988452 28.817333 0.000000 0.000000 0.000000 1.000000
0.991333 0.128913 0.025303 1.041054 -0.130806 0.986453 0.098998 103.089867 -0.012198 -0.101450 0.994766 29.041136 0.000000 0.000000 0.000000 1.000000
0.995325 0.078055 -0.056883 -0.097414 -0.071771 0.991858 0.105194 101.280663 0.064631 -0.100620 0.992823 30.227713 0.000000 0.000000 0.000000 1.000000
0.995095 0.038984 -0.090917 -0.891535 -0.031267 0.995906 0.084813 100.625633 0.093851 -0.081554 0.992240 30.290880 0.000000 0.000000 0.000000 1.000000
0.996753 0.037313 -0.071354 -1.173164 -0.032888 0.997521 0.062214 101.337799 0.073499 -0.059665 0.995509 29.741957 0.000000 0.000000 0.000000 1.000000
0.998855 0.045773 -0.013908 -0.837445 -0.044806 0.996986 0.063330 102.183937 0.016765 -0.062634 0.997896 30.615641 0.000000 0.000000 0.000000 1.000000
0.997224 0.061400 0.042121 -0.514458 -0.064341 0.995296 0.072437 102.976440 -0.037475 -0.074946 0.996483 31.517563 0.000000 0.000000 0.000000 1.000000
0.992732 0.085303 0.084891 -0.423717 -0.091578 0.993119 0.072988 103.561081 -0.078081 -0.080232 0.993713 31.759449 0.000000 0.000000 0.000000 1.000000
0.988130 0.109480 0.107761 -0.144962 -0.117500 0.990523 0.071117 102.567604 -0.098954 -0.082935 0.991630 32.213070 0.000000 0.000000 0.000000 1.000000
0.990149 0.107542 0.089661 0.379144 -0.114307 0.990681 0.074068 100.593002 -0.080860 -0.083587 0.993214 33.327766 0.000000 0.000000 0.000000 1.000000
0.997159 0.069266 0.029604 0.707730 -0.071221 0.994922 0.071111 99.619362 -0.024528 -0.073017 0.997029 34.639008 0.000000 0.000000 0.000000 1.000000
0.998876 0.035513 -0.031389 0.917132 -0.033839 0.998056 0.052339 99.783470 0.033187 -0.051218 0.998136 35.646099 0.000000 0.000000 0.000000 1.000000
0.998377 0.029990 -0.048405 0.982057 -0.028617 0.999175 0.028822 100.359985 0.049229 -0.027390 0.998412 35.989632 0.000000 0.000000 0.000000 1.000000
0.999152 0.035647 -0.020614 0.630209 -0.035320 0.999248 0.015988 101.203835 0.021168 -0.015246 0.999660 35.417698 0.000000 0.000000 0.000000 1.000000
0.998936 0.040690 0.021714 -0.017091 -0.040935 0.999102 0.010936 101.881248 -0.021250 -0.011813 0.999704 34.318924 0.000000 0.000000 0.000000 1.000000
0.997536 0.048616 0.050574 -0.889058 -0.048587 0.998817 -0.001814 102.171989 -0.050602 -0.000647 0.998719 33.275028 0.000000 0.000000 0.000000 1.000000
0.997368 0.045468 0.056486 -1.954749 -0.043834 0.998593 -0.029830 101.350876 -0.057763 0.027275 0.997958 32.355240 0.000000 0.000000 0.000000 1.000000
0.998674 0.029132 0.042437 -2.863621 -0.026344 0.997548 -0.064842 99.678406 -0.044222 0.063638 0.996993 31.346622 0.000000 0.000000 0.000000 1.000000
0.999888 0.009532 0.011528 -3.353853 -0.008407 0.995539 -0.093972 98.723488 -0.012372 0.093865 0.995508 29.918701 0.000000 0.000000 0.000000 1.000000
0.999705 -0.002928 -0.024113 -3.502274 0.000224 0.993779 -0.111366 99.240219 0.024289 0.111328 0.993487 28.117912 0.000000 0.000000 0.000000 1.000000
0.999025 -0.004830 -0.043893 -3.681941 -0.000289 0.993265 -0.115862 100.455719 0.044157 0.115761 0.992295 26.377884 0.000000 0.000000 0.000000 1.000000
0.999218 -0.001009 -0.039522 -4.095566 -0.003408 0.993756 -0.111521 101.342567 0.039388 0.111569 0.992976 25.204668 0.000000 0.000000 0.000000 1.000000
0.999835 -0.003327 -0.017856 -4.506661 0.001343 0.993928 -0.110021 101.618896 0.018114 0.109979 0.993769 24.205427 0.000000 0.000000 0.000000 1.000000
0.999604 -0.026446 0.009641 -4.864824 0.027390 0.992826 -0.116388 100.835609 -0.006493 0.116606 0.993157 23.018251 0.000000 0.000000 0.000000 1.000000
0.998506 -0.046742 0.028316 -5.064538 0.049863 0.991278 -0.121993 99.643250 -0.022367 0.123222 0.992127 21.767117 0.000000 0.000000 0.000000 1.000000
0.997763 -0.059234 0.030997 -5.190141 0.062752 0.989702 -0.128656 99.223801 -0.023057 0.130313 0.991205 20.565384 0.000000 0.000000 0.000000 1.000000
0.997111 -0.073609 0.018741 -5.311202 0.075547 0.986671 -0.144126 99.711601 -0.007882 0.145125 0.989382 19.624834 0.000000 0.000000 0.000000 1.000000
0.995232 -0.097524 0.001594 -5.204499 0.096498 0.982122 -0.161632 101.009109 0.014198 0.161015 0.986850 18.990103 0.000000 0.000000 0.000000 1.000000
0.992050 -0.125648 -0.007036 -4.738255 0.122586 0.977490 -0.171716 102.808212 0.028453 0.169488 0.985121 18.405039 0.000000 0.000000 0.000000 1.000000
0.989108 -0.147170 -0.002375 -4.096300 0.144358 0.973103 -0.179528 104.352737 0.028732 0.177230 0.983750 17.531467 0.000000 0.000000 0.000000 1.000000
0.986184 -0.165180 0.012529 -3.473572 0.164484 0.967435 -0.192394 104.697319 0.019659 0.191797 0.981238 16.259752 0.000000 0.000000 0.000000 1.000000
0.984479 -0.171637 0.036629 -2.799775 0.175502 0.962220 -0.208164 103.686493 0.000483 0.211362 0.977408 14.766514 0.000000 0.000000 0.000000 1.000000
0.987099 -0.143331 0.071355 -2.129687 0.155868 0.962152 -0.223535 102.263031 -0.036615 0.231773 0.972081 13.124320 0.000000 0.000000 0.000000 1.000000
0.988044 -0.091088 0.124386 -1.674271 0.118447 0.964935 -0.234245 100.775818 -0.098688 0.246178 0.964187 11.334302 0.000000 0.000000 0.000000 1.000000
0.979598 -0.048897 0.194927 -1.702537 0.094354 0.968302 -0.231277 100.038132 -0.177440 0.244950 0.953160 9.315374 0.000000 0.000000 0.000000 1.000000
0.963852 -0.043867 0.262803 -1.849351 0.102179 0.971795 -0.212541 100.670357 -0.246067 0.231711 0.941149 7.274929 0.000000 0.000000 0.000000 1.000000
0.952864 -0.052862 0.298756 -1.678753 0.114321 0.974682 -0.192159 101.986771 -0.281034 0.217255 0.934783 5.431912 0.000000 0.000000 0.000000 1.000000
0.952737 -0.058920 0.298026 -1.257896 0.115976 0.977254 -0.177551 102.315636 -0.280786 0.203723 0.937900 3.797870 0.000000 0.000000 0.000000 1.000000
0.959827 -0.054687 0.275213 -0.880731 0.100913 0.982474 -0.156719 101.672142 -0.261819 0.178196 0.948524 2.202582 0.000000 0.000000 0.000000 1.000000
0.965025 -0.067279 0.253377 -0.744307 0.099729 0.988056 -0.117473 100.284744 -0.242447 0.138634 0.960208 0.817239 0.000000 0.000000 0.000000 1.000000
0.966399 -0.103991 0.235074 -0.743045 0.126397 0.988559 -0.082306 98.997894 -0.223825 0.109253 0.968486 -0.147171 0.000000 0.000000 0.000000 1.000000
0.967878 -0.131780 0.214119 -0.685840 0.152167 0.984978 -0.081632 98.408905 -0.200145 0.111591 0.973391 -0.833539 0.000000 0.000000 0.000000 1.000000
0.970936 -0.130595 0.200571 -0.563742 0.153656 0.982634 -0.104019 98.735435 -0.183504 0.131814 0.974141 -1.640428 0.000000 0.000000 0.000000 1.000000
0.973014 -0.109932 0.202877 -0.413599 0.136423 0.983165 -0.121551 99.843689 -0.186099 0.145948 0.971631 -2.866057 0.000000 0.000000 0.000000 1.000000
0.974501 -0.079383 0.209874 -0.229931 0.108911 0.985101 -0.133099 101.144409 -0.196181 0.152562 0.968627 -4.300953 0.000000 0.000000 0.000000 1.000000
0.978717 -0.043242 0.200608 -0.133315 0.075819 0.984576 -0.157673 102.116295 -0.190696 0.169528 0.966900 -5.566364 0.000000 0.000000 0.000000 1.000000
0.986550 -0.006914 0.163315 -0.412553 0.040248 0.978620 -0.201700 102.072166 -0.158429 0.205560 0.965736 -6.675217 0.000000 0.000000 0.000000 1.000000
0.994717 0.020284 0.100628 -1.245790 0.005100 0.969308 -0.245798 100.393677 -0.102525 0.245012 0.964084 -7.764859 0.000000 0.000000 0.000000 1.000000
0.999535 0.022776 0.020287 -2.306744 -0.016503 0.963203 -0.268267 97.736351 -0.025651 0.267808 0.963131 -9.119761 0.000000 0.000000 0.000000 1.000000
0.997244 0.015736 -0.072509 -2.909828 -0.034957 0.961639 -0.272080 95.508705 0.065446 0.273865 0.959539 -10.392628 0.000000 0.000000 0.000000 1.000000</float_array>
        <technique_common>
          <accessor source="#mixamorig_Hips-Matrix-animation-output-transform-array" count="191" stride="16">
            <param type="float4x4"/>
          </accessor>
        </technique_common>
      </source>
      <source id="mixamorig_Hips-Interpolations">
        <Name_array id="mixamorig_Hips-Interpolations-array" count="191">
 LINEAR LINEAR LINEAR LINEAR LINEAR LINEAR LINEAR LINEAR LINEAR LINEAR LINEAR
LINEAR LINEAR LINEAR LINEAR LINEAR LINEAR LINEAR LINEAR LINEAR LINEAR LINEAR LINEAR
LINEAR LINEAR LINEAR LINEAR LINEAR LINEAR LINEAR LINEAR LINEAR LINEAR LINEAR LINEAR
LINEAR LINEAR LINEAR LINEAR LINEAR LINEAR LINEAR LINEAR LINEAR LINEAR LINEAR LINEAR
LINEAR LINEAR LINEAR LINEAR LINEAR LINEAR LINEAR LINEAR LINEAR LINEAR LINEAR LINEAR
LINEAR LINEAR LINEAR LINEAR LINEAR LINEAR LINEAR LINEAR LINEAR LINEAR LINEAR LINEAR
LINEAR LINEAR LINEAR LINEAR LINEAR LINEAR LINEAR LINEAR LINEAR LINEAR LINEAR LINEAR
LINEAR LINEAR LINEAR LINEAR LINEAR LINEAR LINEAR LINEAR LINEAR LINEAR LINEAR LINEAR
LINEAR LINEAR LINEAR LINEAR LINEAR LINEAR LINEAR LINEAR LINEAR LINEAR LINEAR LINEAR
LINEAR LINEAR LINEAR LINEAR LINEAR LINEAR LINEAR LINEAR LINEAR LINEAR LINEAR LINEAR
LINEAR LINEAR LINEAR LINEAR LINEAR LINEAR LINEAR LINEAR LINEAR LINEAR LINEAR LINEAR
LINEAR LINEAR LINEAR LINEAR LINEAR LINEAR LINEAR LINEAR LINEAR LINEAR LINEAR LINEAR
LINEAR LINEAR LINEAR LINEAR LINEAR LINEAR LINEAR LINEAR LINEAR LINEAR LINEAR LINEAR
LINEAR LINEAR LINEAR LINEAR LINEAR LINEAR LINEAR LINEAR LINEAR LINEAR LINEAR LINEAR
LINEAR LINEAR LINEAR LINEAR LINEAR LINEAR LINEAR LINEAR LINEAR LINEAR LINEAR LINEAR
LINEAR LINEAR LINEAR LINEAR LINEAR LINEAR LINEAR LINEAR LINEAR LINEAR LINEAR LINEAR</Name_array>
        <technique_common>
          <accessor source="#mixamorig_Hips-Interpolations-array" count="191">
            <param type="name"/>
          </accessor>
        </technique_common>
      </source>
      <sampler id="mixamorig_Hips-Matrix-animation-transform">
        <input semantic="INPUT" source="#mixamorig_Hips-Matrix-animation-input"/>
        <input semantic="OUTPUT" source="#mixamorig_Hips-Matrix-animation-output-transform"/>
        <input semantic="INTERPOLATION" source="#mixamorig_Hips-Interpolations"/>
      </sampler>
      <channel source="#mixamorig_Hips-Matrix-animation-transform" target="mixamorig_Hips/matrix"/>
    </animation>
    <animation id="mixamorig_Spine-anim" name="mixamorig_Spine">
      <source id="mixamorig_Spine-Matrix-animation-input">
        <float_array id="mixamorig_Spine-Matrix-animation-input-array" count="191">

0.000000 0.033333 0.066667 0.100000 0.133333 0.166667 0.200000 0.233333 0.266667 0.300000 0.333333 0.366667 0.400000 0.433333 0.466667 0.500000
0.533333 0.566667 0.600000 0.633333 0.666667 0.700000 0.733333 0.766667 0.800000 0.833333 0.866667 0.900000 0.933333 0.966667 1.000000 1.033333
1.066667 1.100000 1.133333 1.166667 1.200000 1.233333 1.266667 1.300000 1.333333 1.366667 1.400000 1.433333 1.466667 1.500000 1.533333 1.566667
1.600000 1.633333 1.666667 1.700000 1.733333 1.766667 1.800000 1.833333 1.866667 1.900000 1.933333 1.966667 2.000000 2.033333 2.066667 2.100000
2.133333 2.166667 2.200000 2.233333 2.266667 2.300000 2.333333 2.366667 2.400000 2.433333 2.466667 2.500000 2.533333 2.566667 2.600000 2.633333
2.666667 2.700000 2.733333 2.766667 2.800000 2.833333 2.866667 2.900000 2.933333 2.966667 3.000000 3.033333 3.066667 3.100000 3.133333 3.166667
3.200000 3.233333 3.266667 3.300000 3.333333 3.366667 3.400000 3.433333 3.466667 3.500000 3.533333 3.566667 3.600000 3.633333 3.666667 3.700000
3.733333 3.766667 3.800000 3.833333 3.866667 3.900000 3.933333 3.966667 4.000000 4.033333 4.066667 4.100000 4.133333 4.166667 4.200000 4.233333
4.266667 4.300000 4.333333 4.366667 4.400000 4.433333 4.466667 4.500000 4.533333 4.566667 4.600000 4.633333 4.666667 4.700000 4.733333 4.766667
4.800000 4.833333 4.866667 4.900000 4.933333 4.966667 5.000000 5.033333 5.066667 5.100000 5.133333 5.166667 5.200000 5.233333 5.266667 5.300000
5.333333 5.366667 5.400000 5.433333 5.466667 5.500000 5.533333 5.566667 5.600000 5.633333 5.666667 5.700000 5.733333 5.766667 5.800000 5.833333
5.866667 5.900000 5.933333 5.966667 6.000000 6.033333 6.066667 6.100000 6.133333 6.166667 6.200000 6.233333 6.266667 6.300000 6.333333</float_array>
        <technique_common>
          <accessor source="#mixamorig_Spine-Matrix-animation-input-array" count="191">
            <param name="TIME" type="float"/>
          </accessor>
        </technique_common>
      </source>
      <source id="mixamorig_Spine-Matrix-animation-output-transform">
        <float_array id="mixamorig_Spine-Matrix-animation-output-transform-array" count="3056">

0.999751 0.015870 0.015718 0.004700 -0.016740 0.998243 0.056832 5.245300 -0.014789 -0.057081 0.998260 0.258800 0.000000 0.000000 0.000000 1.000000
0.999638 0.013186 0.023433 0.004700 -0.014424 0.998466 0.053455 5.245300 -0.022692 -0.053774 0.998295 0.258800 0.000000 0.000000 0.000000 1.000000
0.999319 0.023914 0.028099 0.004700 -0.025310 0.998407 0.050424 5.245300 -0.026849 -0.051101 0.998333 0.258800 0.000000 0.000000 0.000000 1.000000
0.997871 0.059153 0.027467 0.004700 -0.060353 0.997157 0.045122 5.245300 -0.024720 -0.046684 0.998604 0.258800 0.000000 0.000000 0.000000 1.000000
0.995709 0.088965 0.025460 0.004700 -0.089967 0.995085 0.041383 5.245300 -0.021653 -0.043496 0.998819 0.258800 0.000000 0.000000 0.000000 1.000000
0.995813 0.087042 0.027948 0.004700 -0.088115 0.995316 0.039762 5.245300 -0.024356 -0.042058 0.998818 0.258800 0.000000 0.000000 0.000000 1.000000
0.997018 0.069980 0.032536 0.004700 -0.071154 0.996799 0.036442 5.245300 -0.029882 -0.038649 0.998806 0.258800 0.000000 0.000000 0.000000 1.000000
0.998024 0.048849 0.039523 0.004700 -0.050107 0.998248 0.031469 5.245300 -0.037917 -0.033388 0.998723 0.258800 0.000000 0.000000 0.000000 1.000000
0.997948 0.048898 0.041328 0.004700 -0.049983 0.998421 0.025646 5.245300 -0.040008 -0.027659 0.998816 0.258800 0.000000 0.000000 0.000000 1.000000
0.997803 0.057646 0.032642 0.004700 -0.058449 0.997997 0.024201 5.245300 -0.031182 -0.026055 0.999174 0.258800 0.000000 0.000000 0.000000 1.000000
0.998378 0.054430 0.016720 0.004700 -0.054866 0.998133 0.026836 5.245300 -0.015228 -0.027710 0.999500 0.258800 0.000000 0.000000 0.000000 1.000000
0.999028 0.044015 0.002453 0.004700 -0.044067 0.998628 0.028302 5.245300 -0.001203 -0.028382 0.999596 0.258800 0.000000 0.000000 0.000000 1.000000
0.999138 0.041123 -0.005673 0.004700 -0.040938 0.998723 0.029614 5.245300 0.006884 -0.029356 0.999545 0.258800 0.000000 0.000000 0.000000 1.000000
0.998917 0.045256 -0.010842 0.004700 -0.044868 0.998424 0.033703 5.245300 0.012350 -0.033180 0.999373 0.258800 0.000000 0.000000 0.000000 1.000000
0.999135 0.038346 -0.016118 0.004700 -0.037714 0.998571 0.037875 5.245300 0.017547 -0.037234 0.999152 0.258800 0.000000 0.000000 0.000000 1.000000
0.999034 0.037144 -0.023472 0.004700 -0.036156 0.998496 0.041202 5.245300 0.024967 -0.040314 0.998875 0.258800 0.000000 0.000000 0.000000 1.000000
0.997854 0.057035 -0.032178 0.004700 -0.055512 0.997381 0.046370 5.245300 0.034738 -0.044485 0.998406 0.258800 0.000000 0.000000 0.000000 1.000000
0.997559 0.060733 -0.034470 0.004700 -0.058981 0.997019 0.049748 5.245300 0.037389 -0.047594 0.998167 0.258800 0.000000 0.000000 0.000000 1.000000
0.998079 0.050559 -0.035800 0.004700 -0.048588 0.997361 0.053947 5.245300 0.038433 -0.052104 0.997902 0.258800 0.000000 0.000000 0.000000 1.000000
0.998346 0.045499 -0.035137 0.004700 -0.043430 0.997397 0.057554 5.245300 0.037664 -0.055933 0.997724 0.258800 0.000000 0.000000 0.000000 1.000000
0.998824 0.036945 -0.031392 0.004700 -0.035093 0.997720 0.057648 5.245300 0.033450 -0.056479 0.997843 0.258800 0.000000 0.000000 0.000000 1.000000
0.998912 0.038076 -0.026944 0.004700 -0.036524 0.997766 0.055933 5.245300 0.029014 -0.054888 0.998071 0.258800 0.000000 0.000000 0.000000 1.000000
0.998943 0.039539 -0.023449 0.004700 -0.038263 0.997883 0.052579 5.245300 0.025478 -0.051626 0.998341 0.258800 0.000000 0.000000 0.000000 1.000000
0.999112 0.037830 -0.018526 0.004700 -0.036928 0.998220 0.046829 5.245300 0.020265 -0.046103 0.998731 0.258800 0.000000 0.000000 0.000000 1.000000
0.999400 0.034008 -0.006580 0.004700 -0.033710 0.998590 0.041000 5.245300 0.007965 -0.040753 0.999137 0.258800 0.000000 0.000000 0.000000 1.000000
