<?xml version="1.0" encoding="utf-8"?>
<COLLADA xmlns="http://www.collada.org/2005/11/COLLADASchema" version="1.4.1">
  <asset>
    <contributor>
      <author>Mixamo</author>
      <authoring_tool>COLLADA Mixamo exporter</authoring_tool>
      <comments/>
    </contributor>
    <created>2024-06-06T05:00:48Z</created>
    <modified>2024-06-06T05:00:48Z</modified>
    <revision/>
    <title/>
    <unit meter="0.010000"/>
    <up_axis>Y_UP</up_axis>
  </asset>
  <library_animations>
    <animation id="mixamorig_Hips-anim" name="mixamorig_Hips">
      <source id="mixamorig_Hips-Matrix-animation-input">
        <float_array id="mixamorig_Hips-Matrix-animation-input-array" count="56">

0.000000 0.033333 0.066667 0.100000 0.133333 0.166667 0.200000 0.233333 0.266667 0.300000 0.333333 0.366667 0.400000 0.433333 0.466667 0.500000
0.533333 0.566667 0.600000 0.633333 0.666667 0.700000 0.733333 0.766667 0.800000 0.833333 0.866667 0.900000 0.933333 0.966667 1.000000 1.033333
1.066667 1.100000 1.133333 1.166667 1.200000 1.233333 1.266667 1.300000 1.333333 1.366667 1.400000 1.433333 1.466667 1.500000 1.533333 1.566667
1.600000 1.633333 1.666667 1.700000 1.733333 1.766667 1.800000 1.833333</float_array>
        <technique_common>
          <accessor source="#mixamorig_Hips-Matrix-animation-input-array" count="56">
            <param name="TIME" type="float"/>
          </accessor>
        </technique_common>
      </source>
      <source id="mixamorig_Hips-Matrix-animation-output-transform">
        <float_array id="mixamorig_Hips-Matrix-animation-output-transform-array" count="896">

0.569248 0.029675 -0.821630 5.112607 0.035912 0.997497 0.060907 82.956879 0.821381 -0.064178 0.566758 3.452974 0.000000 0.000000 0.000000 1.000000
0.605925 0.021235 -0.795238 5.257922 0.039940 0.997571 0.057070 82.586296 0.794519 -0.066342 0.603605 3.493658 0.000000 0.000000 0.000000 1.000000
0.639179 0.019675 -0.768806 5.308733 0.046321 0.996873 0.064022 82.060738 0.767661 -0.076533 0.636269 3.628895 0.000000 0.000000 0.000000 1.000000
0.655451 0.029698 -0.754654 5.120352 0.053486 0.994892 0.085607 81.434280 0.753342 -0.096475 0.650514 3.829434 0.000000 0.000000 0.000000 1.000000
0.646129 0.052465 -0.761423 4.511699 0.059621 0.991116 0.118885 80.838478 0.760896 -0.122212 0.637261 4.062394 0.000000 0.000000 0.000000 1.000000
0.609250 0.085945 -0.788307 3.371290 0.060361 0.986199 0.154170 80.486282 0.790678 -0.141511 0.595653 4.334690 0.000000 0.000000 0.000000 1.000000
0.543387 0.126562 -0.829887 1.709396 0.048190 0.982237 0.181350 80.546036 0.838098 -0.138536 0.527636 4.641264 0.000000 0.000000 0.000000 1.000000
0.441906 0.168963 -0.881005 -0.339357 0.021902 0.979777 0.198892 80.941208 0.896794 -0.107188 0.429269 4.867882 0.000000 0.000000 0.000000 1.000000
0.299830 0.205050 -0.931696 -2.527219 -0.007693 0.977115 0.212571 81.365211 0.953962 -0.056567 0.294546 4.794164 0.000000 0.000000 0.000000 1.000000
0.132305 0.229283 -0.964326 -4.513957 -0.030693 0.973360 0.227220 81.546814 0.990734 -0.000464 0.135818 4.230016 0.000000 0.000000 0.000000 1.000000
-0.019907 0.244534 -0.969436 -6.176499 -0.052061 0.968060 0.245256 81.776756 0.998445 0.055352 -0.006541 3.013369 0.000000 0.000000 0.000000 1.000000
-0.117286 0.253364 -0.960235 -6.989511 -0.092317 0.959940 0.264562 81.820358 0.988798 0.119676 -0.089198 1.691038 0.000000 0.000000 0.000000 1.000000
-0.153395 0.252982 -0.955233 -7.088094 -0.152180 0.949094 0.275794 81.891891 0.976376 0.187673 -0.107088 0.353131 0.000000 0.000000 0.000000 1.000000
-0.151734 0.244368 -0.957738 -6.703255 -0.211928 0.938379 0.273004 81.867889 0.965434 0.244395 -0.090595 -1.016828 0.000000 0.000000 0.000000 1.000000
-0.140213 0.226893 -0.963774 -6.041206 -0.259409 0.930970 0.256910 81.771683 0.955535 0.286034 -0.071676 -2.319852 0.000000 0.000000 0.000000 1.000000
-0.131132 0.193504 -0.972297 -5.225640 -0.296318 0.928279 0.224708 81.689461 0.946044 0.317576 -0.064389 -3.428932 0.000000 0.000000 0.000000 1.000000
-0.117189 0.135247 -0.983857 -4.246729 -0.328024 0.929811 0.166889 81.700638 0.937372 0.342287 -0.064599 -4.330463 0.000000 0.000000 0.000000 1.000000
-0.082515 0.057631 -0.994922 -3.073734 -0.355777 0.930840 0.083426 81.751160 0.930921 0.360855 -0.056304 -5.163872 0.000000 0.000000 0.000000 1.000000
-0.016212 -0.015180 -0.999753 -1.711407 -0.374767 0.927084 -0.007999 81.646820 0.926977 0.374545 -0.020719 -5.976551 0.000000 0.000000 0.000000 1.000000
0.075490 -0.062382 -0.995193 -0.064007 -0.377880 0.921810 -0.086446 81.027847 0.922772 0.382589 0.046014 -6.436464 0.000000 0.000000 0.000000 1.000000
0.169146 -0.083100 -0.982081 1.706116 -0.360393 0.922219 -0.140106 80.094246 0.917337 0.377633 0.126041 -6.567278 0.000000 0.000000 0.000000 1.000000
0.250298 -0.090879 -0.963894 3.462467 -0.330007 0.927956 -0.173185 79.137451 0.910190 0.361440 0.202275 -6.559621 0.000000 0.000000 0.000000 1.000000
0.328193 -0.096473 -0.939672 5.102315 -0.296042 0.934151 -0.199303 78.273666 0.897022 0.343592 0.278021 -6.469725 0.000000 0.000000 0.000000 1.000000
0.410996 -0.107188 -0.905314 6.398178 -0.255802 0.939609 -0.227377 77.856590 0.875013 0.325032 0.358756 -6.363165 0.000000 0.000000 0.000000 1.000000
0.481679 -0.135116 -0.865869 7.246126 -0.206726 0.942640 -0.262097 77.990883 0.851616 0.305245 0.426118 -6.202577 0.000000 0.000000 0.000000 1.000000
0.520069 -0.185286 -0.833785 7.663490 -0.159060 0.938101 -0.307680 78.369553 0.839183 0.292637 0.458405 -6.028402 0.000000 0.000000 0.000000 1.000000
0.532164 -0.242256 -0.811242 7.811121 -0.122363 0.926121 -0.356829 78.711349 0.837753 0.289157 0.463205 -5.874784 0.000000 0.000000 0.000000 1.000000
0.539661 -0.283146 -0.792840 7.887030 -0.096023 0.914899 -0.392096 79.032654 0.836389 0.287730 0.466546 -5.657740 0.000000 0.000000 0.000000 1.000000
0.550945 -0.295389 -0.780515 7.933670 -0.079205 0.912533 -0.401261 79.366112 0.830774 0.282893 0.479359 -5.357846 0.000000 0.000000 0.000000 1.000000
0.558623 -0.280837 -0.780430 7.863859 -0.074398 0.920173 -0.384377 79.599274 0.826078 0.272785 0.493137 -5.078021 0.000000 0.000000 0.000000 1.000000
0.557880 -0.248081 -0.791976 7.632532 -0.079968 0.933769 -0.348827 79.667564 0.826060 0.257937 0.501092 -4.838565 0.000000 0.000000 0.000000 1.000000
0.554352 -0.204831 -0.806683 7.291888 -0.089024 0.949089 -0.302167 79.648125 0.827507 0.239321 0.507894 -4.553980 0.000000 0.000000 0.000000 1.000000
0.557532 -0.159789 -0.814632 6.928641 -0.093632 0.962935 -0.252961 79.688019 0.824858 0.217310 0.521905 -4.164909 0.000000 0.000000 0.000000 1.000000
0.569855 -0.125104 -0.812166 6.595318 -0.087988 0.973372 -0.211673 79.889191 0.817021 0.192084 0.543673 -3.693902 0.000000 0.000000 0.000000 1.000000
0.583385 -0.104098 -0.805497 6.261071 -0.067902 0.982029 -0.176091 80.331345 0.809352 0.157424 0.565833 -2.940206 0.000000 0.000000 0.000000 1.000000
0.591027 -0.094023 -0.801154 5.963243 -0.041340 0.988348 -0.146490 80.839577 0.805592 0.119700 0.580253 -2.089472 0.000000 0.000000 0.000000 1.000000
0.594184 -0.085410 -0.799782 5.709058 -0.015211 0.992975 -0.117342 81.292313 0.804185 0.081888 0.588711 -1.237766 0.000000 0.000000 0.000000 1.000000
0.597465 -0.074903 -0.798389 5.476974 0.009066 0.996195 -0.086676 81.657425 0.801844 0.044548 0.595870 -0.418811 0.000000 0.000000 0.000000 1.000000
0.601682 -0.064791 -0.796104 5.244547 0.030952 0.997847 -0.057817 81.951981 0.798136 0.010147 0.602392 0.325100 0.000000 0.000000 0.000000 1.000000
0.604584 -0.053680 -0.794730 5.011746 0.047133 0.998389 -0.031580 82.215332 0.795145 -0.018365 0.606141 0.988959 0.000000 0.000000 0.000000 1.000000
0.605386 -0.037088 -0.795068 4.801630 0.053797 0.998536 -0.005617 82.464485 0.794112 -0.039372 0.606495 1.578199 0.000000 0.000000 0.000000 1.000000
0.605396 -0.015986 -0.795764 4.630663 0.052225 0.998442 0.019673 82.673378 0.794209 -0.053469 0.605288 2.077763 0.000000 0.000000 0.000000 1.000000
0.605498 0.002338 -0.795843 4.497642 0.047959 0.998071 0.039420 82.820511 0.794400 -0.062037 0.604218 2.482585 0.000000 0.000000 0.000000 1.000000
0.605008 0.012765 -0.796117 4.404325 0.044831 0.997739 0.050068 82.917908 0.794956 -0.065982 0.603068 2.810980 0.000000 0.000000 0.000000 1.000000
0.602992 0.017311 -0.797559 4.367792 0.042803 0.997622 0.054015 82.984024 0.796598 -0.066708 0.600818 3.072458 0.000000 0.000000 0.000000 1.000000
0.599561 0.020531 -0.800066 4.400403 0.040637 0.997600 0.056053 83.024475 0.799297 -0.066120 0.597288 3.260355 0.000000 0.000000 0.000000 1.000000
0.595660 0.023926 -0.802880 4.488291 0.038312 0.997572 0.058152 83.040077 0.802323 -0.065399 0.593297 3.380118 0.000000 0.000000 0.000000 1.000000
0.592277 0.026514 -0.805298 4.600329 0.036517 0.997548 0.059701 83.040115 0.804906 -0.064766 0.589857 3.457530 0.000000 0.000000 0.000000 1.000000
0.589872 0.027889 -0.807015 4.711505 0.035399 0.997550 0.060347 83.037300 0.806721 -0.064165 0.587439 3.514264 0.000000 0.000000 0.000000 1.000000
0.588168 0.028841 -0.808224 4.811699 0.034714 0.997543 0.060859 83.034767 0.807993 -0.063852 0.585722 3.552889 0.000000 0.000000 0.000000 1.000000
0.586485 0.029918 -0.809407 4.899518 0.034380 0.997497 0.061782 83.028412 0.809230 -0.064061 0.583989 3.569993 0.000000 0.000000 0.000000 1.000000
0.584487 0.030660 -0.810823 4.974628 0.034417 0.997450 0.062527 83.016266 0.810673 -0.064452 0.581941 3.569347 0.000000 0.000000 0.000000 1.000000
0.582417 0.030480 -0.812319 5.036592 0.034744 0.997450 0.062337 82.996368 0.812148 -0.064529 0.579873 3.556555 0.000000 0.000000 0.000000 1.000000
0.580615 0.029544 -0.813642 5.086598 0.035212 0.997495 0.061348 82.965942 0.813416 -0.064269 0.578121 3.532662 0.000000 0.000000 0.000000 1.000000
0.579293 0.028341 -0.814626 5.125727 0.035818 0.997545 0.060176 82.924767 0.814332 -0.064038 0.576856 3.498024 0.000000 0.000000 0.000000 1.000000
0.578531 0.027102 -0.815210 5.155466 0.036682 0.997572 0.059197 82.875000 0.814835 -0.064151 0.576132 3.455104 0.000000 0.000000 0.000000 1.000000</float_array>
        <technique_common>
          <accessor source="#mixamorig_Hips-Matrix-animation-output-transform-array" count="56" stride="16">
            <param type="float4x4"/>
          </accessor>
        </technique_common>
      </source>
      <source id="mixamorig_Hips-Interpolations">
        <Name_array id="mixamorig_Hips-Interpolations-array" count="56">
 LINEAR LINEAR LINEAR LINEAR LINEAR LINEAR LINEAR LINEAR LINEAR LINEAR LINEAR
LINEAR LINEAR LINEAR LINEAR LINEAR LINEAR LINEAR LINEAR LINEAR LINEAR LINEAR LINEAR
LINEAR LINEAR LINEAR LINEAR LINEAR LINEAR LINEAR LINEAR LINEAR LINEAR LINEAR LINEAR
LINEAR LINEAR LINEAR LINEAR LINEAR LINEAR LINEAR LINEAR LINEAR LINEAR LINEAR LINEAR
LINEAR LINEAR LINEAR LINEAR LINEAR LINEAR LINEAR LINEAR LINEAR</Name_array>
        <technique_common>
          <accessor source="#mixamorig_Hips-Interpolations-array" count="56">
            <param type="name"/>
          </accessor>
        </technique_common>
      </source>
      <sampler id="mixamorig_Hips-Matrix-animation-transform">
        <input semantic="INPUT" source="#mixamorig_Hips-Matrix-animation-input"/>
        <input semantic="OUTPUT" source="#mixamorig_Hips-Matrix-animation-output-transform"/>
        <input semantic="INTERPOLATION" source="#mixamorig_Hips-Interpolations"/>
      </sampler>
      <channel source="#mixamorig_Hips-Matrix-animation-transform" target="mixamorig_Hips/matrix"/>
    </animation>
    <animation id="mixamorig_Spine-anim" name="mixamorig_Spine">
      <source id="mixamorig_Spine-Matrix-animation-input">
        <float_array id="mixamorig_Spine-Matrix-animation-input-array" count="56">

0.000000 0.033333 0.066667 0.100000 0.133333 0.166667 0.200000 0.233333 0.266667 0.300000 0.333333 0.366667 0.400000 0.433333 0.466667 0.500000
0.533333 0.566667 0.600000 0.633333 0.666667 0.700000 0.733333 0.766667 0.800000 0.833333 0.866667 0.900000 0.933333 0.966667 1.000000 1.033333
1.066667 1.100000 1.133333 1.166667 1.200000 1.233333 1.266667 1.300000 1.333333 1.366667 1.400000 1.433333 1.466667 1.500000 1.533333 1.566667
1.600000 1.633333 1.666667 1.700000 1.733333 1.766667 1.800000 1.833333</float_array>
        <technique_common>
          <accessor source="#mixamorig_Spine-Matrix-animation-input-array" count="56">
            <param name="TIME" type="float"/>
          </accessor>
        </technique_common>
      </source>
      <source id="mixamorig_Spine-Matrix-animation-output-transform">
        <float_array id="mixamorig_Spine-Matrix-animation-output-transform-array" count="896">

0.999799 0.018902 0.006684 0.000000 -0.018262 0.996173 -0.085470 10.763900 -0.008274 0.085331 0.996318 1.243500 0.000000 0.000000 0.000000 1.000000
0.999861 0.015481 0.006141 0.000000 -0.014883 0.996040 -0.087655 10.763900 -0.007474 0.087551 0.996132 1.243500 0.000000 0.000000 0.000000 1.000000
0.999879 0.013375 0.007889 0.000000 -0.012591 0.995666 -0.092140 10.763900 -0.009087 0.092029 0.995715 1.243500 0.000000 0.000000 0.000000 1.000000
0.999805 0.015075 0.012729 -0.000000 -0.013762 0.995135 -0.097555 10.763900 -0.014138 0.097361 0.995149 1.243500 0.000000 0.000000 0.000000 1.000000
0.999612 0.021267 0.017969 -0.000000 -0.019397 0.994943 -0.098550 10.763900 -0.019974 0.098163 0.994970 1.243500 0.000000 0.000000 0.000000 1.000000
0.999312 0.031098 0.020204 -0.000000 -0.029163 0.995525 -0.089886 10.763900 -0.022909 0.089235 0.995747 1.243500 0.000000 0.000000 0.000000 1.000000
0.998852 0.043590 0.019877 0.000000 -0.042047 0.996492 -0.072354 10.763900 -0.022961 0.071435 0.997181 1.243500 0.000000 0.000000 0.000000 1.000000
0.998144 0.057955 0.018715 0.000000 -0.056947 0.997099 -0.050500 10.763900 -0.021588 0.049340 0.998549 1.243500 0.000000 0.000000 0.000000 1.000000
0.997300 0.071690 0.015888 -0.000000 -0.071243 0.997091 -0.027108 10.763900 -0.017786 0.025903 0.999506 1.243500 0.000000 0.000000 0.000000 1.000000
0.996614 0.081249 0.012597 -0.000000 -0.081196 0.996687 -0.004632 10.763900 -0.012931 0.003594 0.999910 1.243500 0.000000 0.000000 0.000000 1.000000
0.996221 0.086059 0.011735 -0.000000 -0.086187 0.996219 0.010917 10.763900 -0.010751 -0.011888 0.999872 1.243500 0.000000 0.000000 0.000000 1.000000
0.996476 0.083486 0.008081 -0.000000 -0.083609 0.996366 0.016240 10.763900 -0.006695 -0.016859 0.999835 1.243500 0.000000 0.000000 0.000000 1.000000
0.996870 0.079056 -0.000705 0.000000 -0.079039 0.996774 0.013928 10.763900 0.001804 -0.013828 0.999903 1.243500 0.000000 0.000000 0.000000 1.000000
0.996748 0.079897 -0.010519 0.000000 -0.079803 0.996769 0.009101 10.763900 0.011213 -0.008232 0.999903 1.243500 0.000000 0.000000 0.000000 1.000000
0.996352 0.083183 -0.019069 0.000000 -0.083113 0.996530 0.004424 10.763900 0.019371 -0.002823 0.999808 1.243500 0.000000 0.000000 0.000000 1.000000
0.995962 0.086002 -0.025774 0.000000 -0.085990 0.996295 0.001591 10.763900 0.025815 0.000632 0.999667 1.243500 0.000000 0.000000 0.000000 1.000000
0.995453 0.089802 -0.031752 -0.000000 -0.089818 0.995958 0.000925 10.763900 0.031707 0.001931 0.999495 1.243500 0.000000 0.000000 0.000000 1.000000
0.994544 0.096850 -0.038769 0.000000 -0.096931 0.995291 -0.000219 10.763900 0.038565 0.003975 0.999248 1.243500 0.000000 0.000000 0.000000 1.000000
0.993237 0.105854 -0.047707 -0.000000 -0.106357 0.994295 -0.008121 10.763900 0.046575 0.013140 0.998828 1.243500 0.000000 0.000000 0.000000 1.000000
0.992359 0.110051 -0.055780 0.000000 -0.111768 0.993322 -0.028641 10.763900 0.052255 0.034657 0.998032 1.243500 0.000000 0.000000 0.000000 1.000000
0.992365 0.109127 -0.057473 0.000000 -0.112624 0.991728 -0.061577 10.763900 0.050278 0.067580 0.996446 1.243500 0.000000 0.000000 0.000000 1.000000
0.992997 0.105061 -0.054024 0.000000 -0.110070 0.988871 -0.100098 10.763900 0.042906 0.105344 0.993510 1.243500 0.000000 0.000000 0.000000 1.000000
0.993992 0.096490 -0.051669 0.000000 -0.102730 0.985340 -0.136202 10.763900 0.037770 0.140692 0.989333 1.243500 0.000000 0.000000 0.000000 1.000000
0.995349 0.081042 -0.052091 0.000000 -0.088617 0.982295 -0.165056 10.763900 0.037792 0.168904 0.984908 1.243500 0.000000 0.000000 0.000000 1.000000
0.996687 0.063571 -0.050733 0.000000 -0.071854 0.980478 -0.183031 10.763900 0.038107 0.186070 0.981797 1.243500 0.000000 0.000000 0.000000 1.000000
0.997659 0.052054 -0.044345 0.000000 -0.059522 0.980286 -0.188405 10.763900 0.033664 0.190604 0.981090 1.243500 0.000000 0.000000 0.000000 1.000000
0.998299 0.046915 -0.034627 0.000000 -0.052571 0.981065 -0.186405 10.763900 0.025226 0.187908 0.981863 1.243500 0.000000 0.000000 0.000000 1.000000
0.998818 0.041308 -0.025612 0.000000 -0.045354 0.981585 -0.185564 10.763900 0.017475 0.186506 0.982298 1.243500 0.000000 0.000000 0.000000 1.000000
0.999270 0.033244 -0.018840 -0.000000 -0.036219 0.981158 -0.189779 10.763900 0.012176 0.190323 0.981646 1.243500 0.000000 0.000000 0.000000 1.000000
0.999503 0.028425 -0.013652 0.000000 -0.030557 0.979991 -0.196684 10.763900 0.007788 0.197003 0.980372 1.243500 0.000000 0.000000 0.000000 1.000000
0.999466 0.030793 -0.010946 -0.000000 -0.032363 0.979149 -0.200551 10.763900 0.004543 0.200798 0.979622 1.243500 0.000000 0.000000 0.000000 1.000000
0.999229 0.037393 -0.011939 -0.000000 -0.039020 0.979305 -0.198594 10.763900 0.004266 0.198906 0.980009 1.243500 0.000000 0.000000 0.000000 1.000000
0.998985 0.042403 -0.015185 0.000000 -0.044541 0.980130 -0.193290 10.763900 0.006687 0.193771 0.981024 1.243500 0.000000 0.000000 0.000000 1.000000
0.998923 0.043078 -0.017223 0.000000 -0.045547 0.981186 -0.187617 10.763900 0.008817 0.188199 0.982091 1.243500 0.000000 0.000000 0.000000 1.000000
0.999078 0.040446 -0.014429 0.000000 -0.042376 0.982996 -0.178669 10.763900 0.006957 0.179116 0.983803 1.243500 0.000000 0.000000 0.000000 1.000000
0.999272 0.037444 -0.007256 -0.000000 -0.038131 0.985012 -0.168216 10.763900 0.000849 0.168370 0.985723 1.243500 0.000000 0.000000 0.000000 1.000000
0.999419 0.034062 0.001401 0.000000 -0.033411 0.986820 -0.158334 10.763900 -0.006776 0.158196 0.987385 1.243500 0.000000 0.000000 0.000000 1.000000
0.999534 0.029298 0.008626 0.000000 -0.027684 0.988414 -0.149235 10.763900 -0.012898 0.148927 0.988764 1.243500 0.000000 0.000000 0.000000 1.000000
0.999625 0.024073 0.013059 0.000000 -0.022001 0.989832 -0.140527 10.763900 -0.016309 0.140187 0.989991 1.243500 0.000000 0.000000 0.000000 1.000000
0.999693 0.019561 0.015236 0.000000 -0.017373 0.991040 -0.132432 10.763900 -0.017690 0.132127 0.991075 1.243500 0.000000 0.000000 0.000000 1.000000
0.999742 0.015955 0.016194 0.000000 -0.013799 0.992003 -0.125461 10.763900 -0.018067 0.125205 0.991966 1.243500 0.000000 0.000000 0.000000 1.000000
0.999779 0.013333 0.016226 0.000000 -0.011301 0.992779 -0.119420 10.763900 -0.017701 0.119211 0.992711 1.243500 0.000000 0.000000 0.000000 1.000000
0.999815 0.011637 0.015345 0.000000 -0.009818 0.993466 -0.113710 10.763900 -0.016568 0.113538 0.993396 1.243500 0.000000 0.000000 0.000000 1.000000
0.999845 0.010602 0.014024 0.000000 -0.009022 0.994084 -0.108243 10.763900 -0.015089 0.108099 0.994026 1.243500 0.000000 0.000000 0.000000 1.000000
0.999864 0.010392 0.012803 0.000000 -0.009010 0.994574 -0.103638 10.763900 -0.013810 0.103508 0.994533 1.243500 0.000000 0.000000 0.000000 1.000000
0.999867 0.011278 0.011802 0.000000 -0.010037 0.994902 -0.100344 10.763900 -0.012874 0.100212 0.994883 1.243500 0.000000 0.000000 0.000000 1.000000
0.999858 0.012823 0.010911 0.000000 -0.011692 0.995110 -0.098079 10.763900 -0.012115 0.097938 0.995119 1.243500 0.000000 0.000000 0.000000 1.000000
0.999847 0.014330 0.010007 -0.000000 -0.013300 0.995263 -0.096306 10.763900 -0.011339 0.096158 0.995301 1.243500 0.000000 0.000000 0.000000 1.000000
0.999838 0.015572 0.009025 0.000000 -0.014648 0.995394 -0.094744 10.763900 -0.010459 0.094597 0.995461 1.243500 0.000000 0.000000 0.000000 1.000000
0.999830 0.016538 0.008093 0.000000 -0.015711 0.995508 -0.093367 10.763900 -0.009601 0.093224 0.995599 1.243500 0.000000 0.000000 0.000000 1.000000
0.999825 0.017187 0.007446 0.000000 -0.016429 0.995611 -0.092135 10.763900 -0.008996 0.091997 0.995719 1.243500 0.000000 0.000000 0.000000 1.000000
0.999820 0.017566 0.007127 0.000000 -0.016846 0.995718 -0.090895 10.763900 -0.008693 0.090758 0.995835 1.243500 0.000000 0.000000 0.000000 1.000000
0.999818 0.017780 0.006961 0.000000 -0.017085 0.995835 -0.089558 10.763900 -0.008525 0.089423 0.995957 1.243500 0.000000 0.000000 0.000000 1.000000
0.999816 0.017910 0.006806 0.000000 -0.017240 0.995953 -0.088207 10.763900 -0.008359 0.088073 0.996079 1.243500 0.000000 0.000000 0.000000 1.000000
0.999816 0.017995 0.006631 0.000000 -0.017351 0.996061 -0.086961 10.763900 -0.008169 0.086830 0.996190 1.243500 0.000000 0.000000 0.000000 1.000000
0.999817 0.018020 0.006439 0.000000 -0.017401 0.996155 -0.085868 10.763900 -0.007962 0.085740 0.996286 1.243500 0.000000 0.000000 0.000000 1.000000</float_array>
        <technique_common>
          <accessor source="#mixamorig_Spine-Matrix-animation-output-transform-array" count="56" stride="16">
            <param type="float4x4"/>
          </accessor>
        </technique_common>
      </source>
      <source id="mixamorig_Spine-Interpolations">
        <Name_array id="mixamorig_Spine-Interpolations-array" count="56">
 LINEAR LINEAR LINEAR LINEAR LINEAR LINEAR LINEAR LINEAR LINEAR LINEAR LINEAR
LINEAR LINEAR LINEAR LINEAR LINEAR LINEAR LINEAR LINEAR LINEAR LINEAR LINEAR LINEAR
LINEAR LINEAR LINEAR LINEAR LINEAR LINEAR LINEAR LINEAR LINEAR LINEAR LINEAR LINEAR
LINEAR LINEAR LINEAR LINEAR LINEAR LINEAR LINEAR LINEAR LINEAR LINEAR LINEAR LINEAR
LINEAR LINEAR LINEAR LINEAR LINEAR LINEAR LINEAR LINEAR LINEAR</Name_array>
        <technique_common>
          <accessor source="#mixamorig_Spine-Interpolations-array" count="56">
            <param type="name"/>
          </accessor>
        </technique_common>
      </source>
      <sampler id="mixamorig_Spine-Matrix-animation-transform">
        <input semantic="INPUT" source="#mixamorig_Spine-Matrix-animation-input"/>
        <input semantic="OUTPUT" source="#mixamorig_Spine-Matrix-animation-output-transform"/>
        <input semantic="INTERPOLATION" source="#mixamorig_Spine-Interpolations"/>
      </sampler>
      <channel source="#mixamorig_Spine-Matrix-animation-transform" target="mixamorig_Spine/matrix"/>
    </animation>
    <animation id="mixamorig_Spine1-anim" name="mixamorig_Spine1">
      <source id="mixamorig_Spine1-Matrix-animation-input">
        <float_array id="mixamorig_Spine1-Matrix-animation-input-array" count="56">

0.000000 0.033333 0.066667 0.100000 0.133333 0.166667 0.200000 0.233333 0.266667 0.300000 0.333333 0.366667 0.400000 0.433333 0.466667 0.500000
0.533333 0.566667 0.600000 0.633333 0.666667 0.700000 0.733333 0.766667 0.800000 0.833333 0.866667 0.900000 0.933333 0.966667 1.000000 1.033333
1.066667 1.100000 1.133333 1.166667 1.200000 1.233333 1.266667 1.300000 1.333333 1.366667 1.400000 1.433333 1.466667 1.500000 1.533333 1.566667
1.600000 1.633333 1.666667 1.700000 1.733333 1.766667 1.800000 1.833333</float_array>
        <technique_common>
          <accessor source="#mixamorig_Spine1-Matrix-animation-input-array" count="56">
            <param name="TIME" type="float"/>
          </accessor>
        </technique_common>
      </source>
      <source id="mixamorig_Spine1-Matrix-animation-output-transform">
        <float_array id="mixamorig_Spine1-Matrix-animation-output-transform-array" count="896">

0.999886 0.007285 0.013233 0.000000 -0.006647 0.998844 -0.047607 13.063300 -0.013565 0.047514 0.998778 0.000000 0.000000 0.000000 0.000000 1.000000
0.999905 0.005010 0.012847 0.000000 -0.004338 0.998647 -0.051822 13.063300 -0.013089 0.051762 0.998574 0.000000 0.000000 0.000000 0.000000 1.000000
0.999855 0.003455 0.016703 0.000000 -0.002436 0.998155 -0.060670 13.063300 -0.016882 0.060620 0.998018 -0.000000 0.000000 0.000000 0.000000 1.000000
0.999656 0.003620 0.025991 0.000000 -0.001758 0.997451 -0.071337 13.063300 -0.026183 0.071267 0.997114 0.000000 0.000000 0.000000 0.000000 1.000000
0.999367 0.007260 0.034821 0.000000 -0.004695 0.997307 -0.073191 13.063300 -0.035259 0.072982 0.996710 -0.000000 0.000000 0.000000 0.000000 1.000000
0.999226 0.015612 0.036107 -0.000000 -0.013572 0.998335 -0.056064 13.063300 -0.036922 0.055531 0.997774 0.000000 0.000000 0.000000 0.000000 1.000000
0.999144 0.027621 0.030793 0.000000 -0.026965 0.999404 -0.021539 13.063300 -0.031370 0.020690 0.999294 0.000000 0.000000 0.000000 0.000000 1.000000
0.998956 0.039856 0.022344 0.000000 -0.040340 0.998951 0.021658 13.063300 -0.021457 -0.022537 0.999516 -0.000000 0.000000 0.000000 0.000000 1.000000
0.998801 0.047949 0.009825 -0.000000 -0.048509 0.996497 0.068126 13.063300 -0.006524 -0.068521 0.997628 0.000000 0.000000 0.000000 0.000000 1.000000
0.998811 0.048623 -0.003598 -0.000000 -0.047912 0.992520 0.112284 13.063300 0.009030 -0.111978 0.993670 0.000000 0.000000 0.000000 0.000000 1.000000
0.998936 0.044313 -0.012757 0.000000 -0.042050 0.988913 0.142416 13.063300 0.018926 -0.141728 0.989725 0.000000 0.000000 0.000000 0.000000 1.000000
0.998799 0.043328 -0.022861 0.000000 -0.039364 0.987602 0.151961 13.063300 0.029162 -0.150879 0.988122 -0.000000 0.000000 0.000000 0.000000 1.000000
0.998025 0.048736 -0.039645 0.000000 -0.042462 0.988366 0.146048 13.063300 0.046301 -0.144076 0.988483 0.000000 0.000000 0.000000 0.000000 1.000000
0.996595 0.057145 -0.059444 -0.000000 -0.048715 0.989690 0.134690 13.063300 0.066528 -0.131336 0.989103 0.000000 0.000000 0.000000 0.000000 1.000000
0.995019 0.066190 -0.074541 -0.000000 -0.056581 0.990622 0.124365 13.063300 0.082073 -0.119528 0.989433 0.000000 0.000000 0.000000 0.000000 1.000000
0.993596 0.078321 -0.081446 0.000000 -0.068372 0.990598 0.118496 13.063300 0.089961 -0.112168 0.989609 -0.000000 0.000000 0.000000 0.000000 1.000000
0.992026 0.094602 -0.083277 0.000000 -0.084498 0.989476 0.117458 13.063300 0.093512 -0.109484 0.989580 0.000000 0.000000 0.000000 0.000000 1.000000
0.990077 0.111087 -0.086069 0.000000 -0.100843 0.988186 0.115405 13.063300 0.097872 -0.105581 0.989583 0.000000 0.000000 0.000000 0.000000 1.000000
0.988045 0.123527 -0.092241 0.000000 -0.114288 0.988451 0.099512 13.063300 0.103468 -0.087781 0.990752 0.000000 0.000000 0.000000 0.000000 1.000000
0.986667 0.130628 -0.097082 -0.000000 -0.125300 0.990356 0.059122 13.063300 0.103869 -0.046169 0.993519 -0.000000 0.000000 0.000000 0.000000 1.000000
0.986832 0.131657 -0.093961 0.000000 -0.132706 0.991143 -0.004977 13.063300 0.092474 0.017381 0.995563 0.000000 0.000000 0.000000 0.000000 1.000000
0.988781 0.123695 -0.083736 0.000000 -0.130400 0.988230 -0.079984 13.063300 0.072856 0.090006 0.993273 0.000000 0.000000 0.000000 0.000000 1.000000
0.991639 0.105122 -0.074848 0.000000 -0.115465 0.981789 -0.150856 13.063300 0.057626 0.158237 0.985718 0.000000 0.000000 0.000000 0.000000 1.000000
0.994188 0.079844 -0.072212 -0.000000 -0.093286 0.973741 -0.207670 13.063300 0.053734 0.213200 0.975530 0.000000 0.000000 0.000000 0.000000 1.000000
0.995748 0.059183 -0.070592 0.000000 -0.074624 0.967540 -0.241451 13.063300 0.054011 0.245692 0.967842 0.000000 0.000000 0.000000 0.000000 1.000000
0.996791 0.051558 -0.061229 -0.000000 -0.065292 0.966213 -0.249338 13.063300 0.046305 0.252536 0.966479 0.000000 0.000000 0.000000 0.000000 1.000000
0.997698 0.051609 -0.043989 0.000000 -0.060820 0.967899 -0.243870 13.063300 0.029991 0.245984 0.968810 0.000000 0.000000 0.000000 0.000000 1.000000
0.998524 0.046752 -0.027647 0.000000 -0.052066 0.968868 -0.242042 13.063300 0.015470 0.243124 0.969872 0.000000 0.000000 0.000000 0.000000 1.000000
0.999276 0.034504 -0.016050 0.000000 -0.037428 0.967359 -0.250630 13.063300 0.006878 0.251049 0.967950 0.000000 0.000000 0.000000 0.000000 1.000000
0.999681 0.024443 -0.006430 0.000000 -0.025273 0.964073 -0.264432 13.063300 -0.000264 0.264510 0.964383 -0.000000 0.000000 0.000000 0.000000 1.000000
0.999711 0.024033 -0.000282 0.000000 -0.023201 0.961908 -0.272388 13.063300 -0.006275 0.272315 0.962188 0.000000 0.000000 0.000000 0.000000 1.000000
0.999543 0.030167 -0.001739 0.000000 -0.029521 0.962631 -0.269203 13.063300 -0.006447 0.269131 0.963082 0.000000 0.000000 0.000000 0.000000 1.000000
0.999359 0.034653 -0.009026 0.000000 -0.035808 0.965132 -0.259304 13.063300 -0.000274 0.259461 0.965753 0.000000 0.000000 0.000000 0.000000 1.000000
0.999307 0.034059 -0.014985 -0.000000 -0.036714 0.968011 -0.248206 13.063300 0.006053 0.248584 0.968591 0.000000 0.000000 0.000000 0.000000 1.000000
0.999459 0.030573 -0.012160 0.000000 -0.032554 0.972508 -0.230584 13.063300 0.004776 0.230855 0.972976 0.000000 0.000000 0.000000 0.000000 1.000000
0.999615 0.027733 -0.000688 0.000000 -0.027258 0.977288 -0.210157 13.063300 -0.005155 0.210095 0.977667 0.000000 0.000000 0.000000 0.000000 1.000000
0.999600 0.024752 0.013688 0.000000 -0.021688 0.981380 -0.190846 13.063300 -0.018157 0.190473 0.981524 0.000000 0.000000 0.000000 0.000000 1.000000
0.999481 0.019945 0.025278 0.000000 -0.015278 0.984811 -0.172955 13.063300 -0.028344 0.172479 0.984605 0.000000 0.000000 0.000000 0.000000 1.000000
0.999392 0.014276 0.031811 0.000000 -0.009148 0.987736 -0.155864 13.063300 -0.033646 0.155478 0.987266 0.000000 0.000000 0.000000 0.000000 1.000000
0.999366 0.009136 0.034401 -0.000000 -0.004230 0.990133 -0.140069 13.063300 -0.035341 0.139835 0.989544 0.000000 0.000000 0.000000 0.000000 1.000000
0.999379 0.004306 0.034963 -0.000000 0.000150 0.991973 -0.126453 13.063300 -0.035226 0.126379 0.991356 0.000000 0.000000 0.000000 0.000000 1.000000
0.999422 -0.000527 0.034005 0.000000 0.004422 0.993405 -0.114571 13.063300 -0.033721 0.114656 0.992833 0.000000 0.000000 0.000000 0.000000 1.000000
0.999494 -0.004545 0.031471 -0.000000 0.007775 0.994620 -0.103303 13.063300 -0.030833 0.103496 0.994152 0.000000 0.000000 0.000000 0.000000 1.000000
0.999576 -0.006746 0.028314 -0.000000 0.009341 0.995665 -0.092537 13.063300 -0.027567 0.092762 0.995307 0.000000 0.000000 0.000000 0.000000 1.000000
0.999648 -0.006921 0.025608 0.000000 0.009037 0.996469 -0.083476 13.063300 -0.024939 0.083678 0.996181 -0.000000 0.000000 0.000000 0.000000 1.000000
0.999708 -0.005716 0.023469 -0.000000 0.007508 0.997004 -0.076983 13.063300 -0.022959 0.077137 0.996756 0.000000 0.000000 0.000000 0.000000 1.000000
0.999759 -0.004162 0.021572 0.000000 0.005717 0.997352 -0.072506 13.063300 -0.021213 0.072612 0.997135 0.000000 0.000000 0.000000 0.000000 1.000000
0.999803 -0.002734 0.019678 0.000000 0.004086 0.997609 -0.068996 13.063300 -0.019443 0.069063 0.997423 -0.000000 0.000000 0.000000 0.000000 1.000000
0.999843 -0.001110 0.017711 0.000000 0.002275 0.997823 -0.065911 13.063300 -0.017600 0.065941 0.997668 0.000000 0.000000 0.000000 0.000000 1.000000
0.999873 0.000822 0.015900 0.000000 0.000185 0.998001 -0.063206 13.063300 -0.015920 0.063200 0.997874 -0.000000 0.000000 0.000000 0.000000 1.000000
0.999889 0.002583 0.014650 0.000000 -0.001688 0.998149 -0.060791 13.063300 -0.014779 0.060760 0.998043 -0.000000 0.000000 0.000000 0.000000 1.000000
0.999894 0.003838 0.014036 0.000000 -0.003012 0.998292 -0.058348 13.063300 -0.014236 0.058300 0.998198 -0.000000 0.000000 0.000000 0.000000 1.000000
0.999894 0.004731 0.013750 0.000000 -0.003958 0.998440 -0.055701 13.063300 -0.013992 0.055641 0.998353 -0.000000 0.000000 0.000000 0.000000 1.000000
0.999894 0.005473 0.013513 0.000000 -0.004749 0.998582 -0.053016 13.063300 -0.013784 0.052946 0.998502 0.000000 0.000000 0.000000 0.000000 1.000000
0.999894 0.006121 0.013243 0.000000 -0.005444 0.998707 -0.050538 13.063300 -0.013535 0.050461 0.998634 0.000000 0.000000 0.000000 0.000000 1.000000
0.999894 0.006653 0.012941 0.000000 -0.006020 0.998812 -0.048358 13.063300 -0.013247 0.048275 0.998746 0.000000 0.000000 0.000000 0.000000 1.000000</float_array>
        <technique_common>
          <accessor source="#mixamorig_Spine1-Matrix-animation-output-transform-array" count="56" stride="16">
            <param type="float4x4"/>
          </accessor>
        </technique_common>
      </source>
      <source id="mixamorig_Spine1-Interpolations">
        <Name_array id="mixamorig_Spine1-Interpolations-array" count="56">
 LINEAR LINEAR LINEAR LINEAR LINEAR LINEAR LINEAR LINEAR LINEAR LINEAR LINEAR
LINEAR LINEAR LINEAR LINEAR LINEAR LINEAR LINEAR LINEAR LINEAR LINEAR LINEAR LINEAR
LINEAR LINEAR LINEAR LINEAR LINEAR LINEAR LINEAR LINEAR LINEAR LINEAR LINEAR LINEAR
LINEAR LINEAR LINEAR LINEAR LINEAR LINEAR LINEAR LINEAR LINEAR LINEAR LINEAR LINEAR
LINEAR LINEAR LINEAR LINEAR LINEAR LINEAR LINEAR LINEAR LINEAR</Name_array>
        <technique_common>
          <accessor source="#mixamorig_Spine1-Interpolations-array" count="56">
            <param type="name"/>
          </accessor>
        </technique_common>
      </source>
      <sampler id="mixamorig_Spine1-Matrix-animation-transform">
        <input semantic="INPUT" source="#mixamorig_Spine1-Matrix-animation-input"/>
        <input semantic="OUTPUT" source="#mixamorig_Spine1-Matrix-animation-output-transform"/>
        <input semantic="INTERPOLATION" source="#mixamorig_Spine1-Interpolations"/>
      </sampler>
      <channel source="#mixamorig_Spine1-Matrix-animation-transform" target="mixamorig_Spine1/matrix"/>
    </animation>
    <animation id="mixamorig_Spine2-anim" name="mixamorig_Spine2">
      <source id="mixamorig_Spine2-Matrix-animation-input">
        <float_array id="mixamorig_Spine2-Matrix-animation-input-array" count="56">

0.000000 0.033333 0.066667 0.100000 0.133333 0.166667 0.200000 0.233333 0.266667 0.300000 0.333333 0.366667 0.400000 0.433333 0.466667 0.500000
0.533333 0.566667 0.600000 0.633333 0.666667 0.700000 0.733333 0.766667 0.800000 0.833333 0.866667 0.900000 0.933333 0.966667 1.000000 1.033333
1.066667 1.100000 1.133333 1.166667 1.200000 1.233333 1.266667 1.300000 1.333333 1.366667 1.400000 1.433333 1.466667 1.500000 1.533333 1.566667
1.600000 1.633333 1.666667 1.700000 1.733333 1.766667 1.800000 1.833333</float_array>
        <technique_common>
          <accessor source="#mixamorig_Spine2-Matrix-animation-input-array" count="56">
            <param name="TIME" type="float"/>
          </accessor>
        </technique_common>
      </source>
      <source id="mixamorig_Spine2-Matrix-animation-output-transform">
        <float_array id="mixamorig_Spine2-Matrix-animation-output-transform-array" count="896">

0.999881 0.009980 0.011774 0.000000 -0.007362 0.978826 -0.204563 13.020500 -0.013566 0.204451 0.978783 0.000000 0.000000 0.000000 0.000000 1.000000
0.999903 0.007687 0.011625 0.000000 -0.005093 0.977970 -0.208684 13.020500 -0.012973 0.208605 0.977914 0.000000 0.000000 0.000000 0.000000 1.000000
0.999858 0.006402 0.015607 -0.000000 -0.002857 0.976090 -0.217348 13.020500 -0.016626 0.217272 0.975969 0.000000 0.000000 0.000000 0.000000 1.000000
0.999668 0.007195 0.024755 0.000000 -0.001367 0.973707 -0.227800 13.020500 -0.025744 0.227691 0.973393 0.000000 0.000000 0.000000 0.000000 1.000000
0.999387 0.011416 0.033102 0.000000 -0.003511 0.973263 -0.229665 13.020500 -0.034839 0.229408 0.972707 0.000000 0.000000 0.000000 0.000000 1.000000
0.999237 0.019841 0.033642 0.000000 -0.012229 0.976980 -0.212982 13.020500 -0.037093 0.212408 0.976477 0.000000 0.000000 0.000000 0.000000 1.000000
0.999125 0.031489 0.027512 -0.000000 -0.026064 0.983483 -0.179112 13.020500 -0.032698 0.178238 0.983444 0.000000 0.000000 0.000000 0.000000 1.000000
0.998899 0.043146 0.018444 0.000000 -0.040236 0.989836 -0.136401 13.020500 -0.024142 0.135508 0.990482 -0.000000 0.000000 0.000000 0.000000 1.000000
0.998714 0.050365 0.005874 0.000000 -0.049634 0.994701 -0.090032 13.020500 -0.010378 0.089625 0.995922 0.000000 0.000000 0.000000 0.000000 1.000000
0.998721 0.050086 -0.006882 0.000000 -0.050349 0.997691 -0.045587 13.020500 0.004583 0.045875 0.998937 0.000000 0.000000 0.000000 0.000000 1.000000
0.998867 0.045109 -0.015180 0.000000 -0.045337 0.998858 -0.015072 13.020500 0.014483 0.015743 0.999771 -0.000000 0.000000 0.000000 0.000000 1.000000
0.998742 0.043382 -0.025138 -0.000000 -0.043527 0.999038 -0.005272 13.020500 0.024885 0.006360 0.999670 0.000000 0.000000 0.000000 0.000000 1.000000
0.997963 0.047539 -0.042553 0.000000 -0.048048 0.998784 -0.011020 13.020500 0.041977 0.013042 0.999033 -0.000000 0.000000 0.000000 0.000000 1.000000
0.996517 0.054406 -0.063204 -0.000000 -0.055904 0.998190 -0.022169 13.020500 0.061884 0.025626 0.997754 0.000000 0.000000 0.000000 0.000000 1.000000
0.994918 0.062250 -0.079136 -0.000000 -0.064973 0.997364 -0.032313 13.020500 0.076916 0.037290 0.996340 0.000000 0.000000 0.000000 0.000000 1.000000
0.993466 0.073804 -0.087057 0.000000 -0.077353 0.996275 -0.038117 13.020500 0.083919 0.044602 0.995474 0.000000 0.000000 0.000000 0.000000 1.000000
0.991862 0.089896 -0.090154 0.000000 -0.093719 0.994830 -0.039108 13.020500 0.086173 0.047239 0.995160 0.000000 0.000000 0.000000 0.000000 1.000000
0.989880 0.106124 -0.094207 0.000000 -0.110367 0.993044 -0.041015 13.020500 0.089199 0.050997 0.994707 0.000000 0.000000 0.000000 0.000000 1.000000
0.987811 0.118053 -0.101455 0.000000 -0.124213 0.990635 -0.056692 13.020500 0.093812 0.068603 0.993224 0.000000 0.000000 0.000000 0.000000 1.000000
0.986375 0.124781 -0.107207 0.000000 -0.135265 0.986068 -0.096820 13.020500 0.093632 0.110002 0.989511 0.000000 0.000000 0.000000 0.000000 1.000000
0.986468 0.126076 -0.104814 0.000000 -0.141873 0.976822 -0.160283 13.020500 0.082177 0.172984 0.981490 0.000000 0.000000 0.000000 0.000000 1.000000
0.988359 0.118872 -0.094949 -0.000000 -0.138222 0.962372 -0.233953 13.020500 0.063566 0.244354 0.967600 -0.000000 0.000000 0.000000 0.000000 1.000000
0.991199 0.100836 -0.085773 0.000000 -0.122360 0.945138 -0.302888 13.020500 0.050525 0.310718 0.949158 0.000000 0.000000 0.000000 0.000000 1.000000
0.993766 0.075639 -0.081905 0.000000 -0.100146 0.928469 -0.357654 13.020500 0.048994 0.363626 0.930256 0.000000 0.000000 0.000000 0.000000 1.000000
0.995368 0.055184 -0.078726 -0.000000 -0.081699 0.917157 -0.390061 13.020500 0.050679 0.394686 0.917417 -0.000000 0.000000 0.000000 0.000000 1.000000
0.996486 0.048449 -0.068327 0.000000 -0.071750 0.914633 -0.397866 13.020500 0.043218 0.401371 0.914896 0.000000 0.000000 0.000000 0.000000 1.000000
0.997478 0.049848 -0.050530 -0.000000 -0.065746 0.917161 -0.393055 13.020500 0.026751 0.395386 0.918125 0.000000 0.000000 0.000000 0.000000 1.000000
0.998372 0.046173 -0.033472 0.000000 -0.055607 0.918449 -0.391612 13.020500 0.012660 0.392835 0.919522 -0.000000 0.000000 0.000000 0.000000 1.000000
0.999178 0.034738 -0.020872 0.000000 -0.040189 0.915661 -0.399938 13.020500 0.005219 0.400448 0.916304 -0.000000 0.000000 0.000000 0.000000 1.000000
0.999623 0.025291 -0.010679 0.000000 -0.027444 0.910272 -0.413100 13.020500 -0.000727 0.413237 0.910623 0.000000 0.000000 0.000000 0.000000 1.000000
0.999671 0.025204 -0.004836 0.000000 -0.024899 0.906880 -0.420653 13.020500 -0.006216 0.420635 0.907209 0.000000 0.000000 0.000000 0.000000 1.000000
0.999490 0.031160 -0.007043 0.000000 -0.031253 0.908085 -0.417618 13.020500 -0.006617 0.417625 0.908595 -0.000000 0.000000 0.000000 0.000000 1.000000
0.999273 0.035128 -0.014799 -0.000000 -0.038109 0.912108 -0.408175 13.020500 -0.000840 0.408442 0.912784 0.000000 0.000000 0.000000 0.000000 1.000000
0.999202 0.034164 -0.020678 0.000000 -0.039571 0.916703 -0.397604 13.020500 0.005371 0.398105 0.917324 -0.000000 0.000000 0.000000 0.000000 1.000000
0.999370 0.030958 -0.017345 0.000000 -0.035232 0.923930 -0.380936 13.020500 0.004233 0.381307 0.924439 0.000000 0.000000 0.000000 0.000000 1.000000
0.999565 0.028992 -0.005335 -0.000000 -0.028959 0.931875 -0.361622 13.020500 -0.005513 0.361620 0.932309 0.000000 0.000000 0.000000 0.000000 1.000000
0.999587 0.027082 0.009582 0.000000 -0.022148 0.938965 -0.343299 13.020500 -0.018294 0.342945 0.939177 0.000000 0.000000 0.000000 0.000000 1.000000
0.999493 0.023157 0.021838 -0.000000 -0.014771 0.945179 -0.326218 13.020500 -0.028195 0.325730 0.945042 0.000000 0.000000 0.000000 0.000000 1.000000
