<?xml version="1.0" encoding="utf-8"?>
<COLLADA xmlns="http://www.collada.org/2005/11/COLLADASchema" version="1.4.1">
  <asset>
    <contributor>
      <author>Mixamo</author>
      <authoring_tool>COLLADA Mixamo exporter</authoring_tool>
      <comments/>
    </contributor>
    <created>2024-05-23T13:43:22Z</created>
    <modified>2024-05-23T13:43:22Z</modified>
    <revision/>
    <title/>
    <unit meter="0.010000"/>
    <up_axis>Y_UP</up_axis>
  </asset>
  <library_animations>
    <animation id="mixamorig_Hips-anim" name="mixamorig_Hips">
      <source id="mixamorig_Hips-Matrix-animation-input">
        <float_array id="mixamorig_Hips-Matrix-animation-input-array" count="136">

0.000000 0.033333 0.066667 0.100000 0.133333 0.166667 0.200000 0.233333 0.266667 0.300000 0.333333 0.366667 0.400000 0.433333 0.466667 0.500000
0.533333 0.566667 0.600000 0.633333 0.666667 0.700000 0.733333 0.766667 0.800000 0.833333 0.866667 0.900000 0.933333 0.966667 1.000000 1.033333
1.066667 1.100000 1.133333 1.166667 1.200000 1.233333 1.266667 1.300000 1.333333 1.366667 1.400000 1.433333 1.466667 1.500000 1.533333 1.566667
1.600000 1.633333 1.666667 1.700000 1.733333 1.766667 1.800000 1.833333 1.866667 1.900000 1.933333 1.966667 2.000000 2.033333 2.066667 2.100000
2.133333 2.166667 2.200000 2.233333 2.266667 2.300000 2.333333 2.366667 2.400000 2.433333 2.466667 2.500000 2.533333 2.566667 2.600000 2.633333
2.666667 2.700000 2.733333 2.766667 2.800000 2.833333 2.866667 2.900000 2.933333 2.966667 3.000000 3.033333 3.066667 3.100000 3.133333 3.166667
3.200000 3.233333 3.266667 3.300000 3.333333 3.366667 3.400000 3.433333 3.466667 3.500000 3.533333 3.566667 3.600000 3.633333 3.666667 3.700000
3.733333 3.766667 3.800000 3.833333 3.866667 3.900000 3.933333 3.966667 4.000000 4.033333 4.066667 4.100000 4.133333 4.166667 4.200000 4.233333
4.266667 4.300000 4.333333 4.366667 4.400000 4.433333 4.466667 4.500000</float_array>
        <technique_common>
          <accessor source="#mixamorig_Hips-Matrix-animation-input-array" count="136">
            <param name="TIME" type="float"/>
          </accessor>
        </technique_common>
      </source>
      <source id="mixamorig_Hips-Matrix-animation-output-transform">
        <float_array id="mixamorig_Hips-Matrix-animation-output-transform-array" count="2176">

0.996667 0.071967 -0.038410 0.130948 -0.068271 0.993586 0.090140 84.171883 0.044651 -0.087217 0.995188 1.452415 0.000000 0.000000 0.000000 1.000000
0.996718 0.069943 -0.040755 0.286136 -0.065476 0.992607 0.102192 83.077904 0.047602 -0.099188 0.993929 1.246041 0.000000 0.000000 0.000000 1.000000
0.997177 0.061372 -0.043273 0.368035 -0.056174 0.992062 0.112509 83.400459 0.049834 -0.109761 0.992708 1.042320 0.000000 0.000000 0.000000 1.000000
0.997771 0.047991 -0.046363 0.382990 -0.042106 0.991823 0.120474 85.002998 0.051766 -0.118254 0.991633 0.845116 0.000000 0.000000 0.000000 1.000000
0.998206 0.030962 -0.051247 0.333228 -0.024547 0.992302 0.121388 87.431572 0.054611 -0.119913 0.991281 0.682478 0.000000 0.000000 0.000000 1.000000
0.998373 0.012624 -0.055599 0.185682 -0.006152 0.993338 0.115075 90.165733 0.056681 -0.114545 0.991800 0.555313 0.000000 0.000000 0.000000 1.000000
0.998345 -0.003201 -0.057417 0.063044 0.009040 0.994770 0.101735 92.774155 0.056791 -0.102085 0.993153 0.462923 0.000000 0.000000 0.000000 1.000000
0.998296 -0.014184 -0.056598 -0.029554 0.018955 0.996229 0.084669 94.952904 0.055184 -0.085597 0.994800 0.384926 0.000000 0.000000 0.000000 1.000000
0.998316 -0.020421 -0.054290 -0.101353 0.024121 0.997367 0.068398 96.507614 0.052750 -0.069592 0.996180 0.296954 0.000000 0.000000 0.000000 1.000000
0.998366 -0.023954 -0.051877 -0.179912 0.026875 0.998049 0.056360 97.351089 0.050426 -0.057662 0.997062 0.187811 0.000000 0.000000 0.000000 1.000000
0.998363 -0.026975 -0.050436 -0.274645 0.029526 0.998286 0.050528 97.400604 0.048987 -0.051935 0.997448 -0.035674 0.000000 0.000000 0.000000 1.000000
0.998278 -0.031321 -0.049605 -0.382239 0.033891 0.998080 0.051837 96.595886 0.047886 -0.053429 0.997423 -0.447763 0.000000 0.000000 0.000000 1.000000
0.998228 -0.036785 -0.046776 -0.509756 0.039587 0.997386 0.060454 94.968430 0.044430 -0.062199 0.997074 -0.974067 0.000000 0.000000 0.000000 1.000000
0.998397 -0.040856 -0.039162 -0.682170 0.043743 0.996153 0.075929 92.758698 0.035909 -0.077520 0.996344 -1.455423 0.000000 0.000000 0.000000 1.000000
0.998773 -0.041755 -0.026611 -0.915298 0.044168 0.994237 0.097680 90.404076 0.022379 -0.098736 0.994862 -1.752666 0.000000 0.000000 0.000000 1.000000
0.999114 -0.040323 -0.012092 -1.187183 0.041508 0.991496 0.123343 88.459915 0.007015 -0.123736 0.992290 -1.818247 0.000000 0.000000 0.000000 1.000000
0.999258 -0.038507 0.000157 -1.448351 0.038067 0.988419 0.146897 87.469757 -0.005812 -0.146782 0.989152 -1.683257 0.000000 0.000000 0.000000 1.000000
0.999208 -0.038918 0.008330 -1.665378 0.037050 0.986017 0.162472 87.765137 -0.014536 -0.162034 0.986678 -1.411640 0.000000 0.000000 0.000000 1.000000
0.998953 -0.043354 0.014588 -1.815145 0.040283 0.984885 0.168458 89.301476 -0.021671 -0.167694 0.985601 -1.075813 0.000000 0.000000 0.000000 1.000000
0.998425 -0.051640 0.021939 -1.884706 0.047345 0.985247 0.164461 91.672150 -0.030109 -0.163164 0.986140 -0.736426 0.000000 0.000000 0.000000 1.000000
0.997664 -0.060733 0.031268 -1.873261 0.055446 0.987336 0.148641 94.350212 -0.039899 -0.146560 0.988397 -0.439237 0.000000 0.000000 0.000000 1.000000
0.996897 -0.067295 0.040830 -1.802858 0.061892 0.990646 0.121616 96.875847 -0.048632 -0.118712 0.991737 -0.204906 0.000000 0.000000 0.000000 1.000000
0.996355 -0.071094 0.047142 -1.710189 0.066665 0.993739 0.089655 98.942139 -0.053221 -0.086185 0.994857 -0.024841 0.000000 0.000000 0.000000 1.000000
0.996140 -0.074495 0.046431 -1.631545 0.071636 0.995596 0.060470 100.402756 -0.050731 -0.056910 0.997090 0.125521 0.000000 0.000000 0.000000 1.000000
0.996225 -0.078448 0.037171 -1.579836 0.077059 0.996323 0.037447 101.248573 -0.039972 -0.034441 0.998607 0.249903 0.000000 0.000000 0.000000 1.000000
0.996412 -0.081740 0.021937 -1.545722 0.081284 0.996471 0.020948 101.565796 -0.023572 -0.019090 0.999540 0.304199 0.000000 0.000000 0.000000 1.000000
0.996501 -0.083378 0.005816 -1.513623 0.083298 0.996442 0.012857 101.412163 -0.006867 -0.012328 0.999900 0.211391 0.000000 0.000000 0.000000 1.000000
0.996493 -0.083385 -0.006951 -1.478503 0.083485 0.996386 0.015664 100.751419 0.005620 -0.016189 0.999853 -0.072234 0.000000 0.000000 0.000000 1.000000
0.996633 -0.080796 -0.013988 -1.455871 0.081164 0.996303 0.028161 99.510483 0.011661 -0.029201 0.999506 -0.487084 0.000000 0.000000 0.000000 1.000000
0.997186 -0.073648 -0.014027 -1.462702 0.074222 0.996174 0.046126 97.670540 0.010576 -0.047037 0.998837 -0.886872 0.000000 0.000000 0.000000 1.000000
0.998061 -0.061717 -0.008109 -1.481518 0.062123 0.995808 0.067128 95.347939 0.003932 -0.067501 0.997711 -1.145304 0.000000 0.000000 0.000000 1.000000
0.998817 -0.048611 -0.000960 -1.482175 0.048498 0.994716 0.090487 92.842056 -0.003444 -0.090426 0.995897 -1.234182 0.000000 0.000000 0.000000 1.000000
0.999260 -0.038390 0.002460 -1.460060 0.037871 0.992951 0.112311 90.657280 -0.006754 -0.112135 0.993670 -1.196548 0.000000 0.000000 0.000000 1.000000
0.999511 -0.031126 0.003132 -1.440484 0.030482 0.991524 0.126299 89.313271 -0.007037 -0.126142 0.991987 -1.075106 0.000000 0.000000 0.000000 1.000000
0.999699 -0.022630 0.009508 -1.454281 0.021177 0.991010 0.132103 89.065872 -0.012412 -0.131862 0.991190 -0.880093 0.000000 0.000000 0.000000 1.000000
0.999434 -0.010492 0.031977 -1.550550 0.006020 0.990570 0.136875 89.826271 -0.033112 -0.136604 0.990072 -0.599045 0.000000 0.000000 0.000000 1.000000
0.997192 0.001943 0.074865 -1.787958 -0.012901 0.989176 0.146167 91.289650 -0.073771 -0.146723 0.986423 -0.222775 0.000000 0.000000 0.000000 1.000000
0.991061 0.009812 0.133051 -2.180583 -0.031047 0.986873 0.158485 93.101944 -0.129749 -0.161199 0.978356 0.236722 0.000000 0.000000 0.000000 1.000000
0.980270 0.013551 0.197197 -2.662292 -0.047642 0.984433 0.169178 94.924667 -0.191835 -0.175235 0.965656 0.752445 0.000000 0.000000 0.000000 1.000000
0.965026 0.017889 0.261542 -3.110126 -0.065812 0.982251 0.175646 96.471764 -0.253758 -0.186715 0.949075 1.293736 0.000000 0.000000 0.000000 1.000000
0.945324 0.025132 0.325162 -3.409795 -0.087372 0.980097 0.178259 97.558868 -0.314210 -0.196922 0.928705 1.805122 0.000000 0.000000 0.000000 1.000000
0.920836 0.033260 0.388529 -3.512929 -0.110634 0.977698 0.178514 98.098610 -0.373926 -0.207366 0.903979 2.194124 0.000000 0.000000 0.000000 1.000000
0.891671 0.038897 0.451011 -3.438314 -0.132589 0.975049 0.178044 98.024879 -0.432832 -0.218555 0.874580 2.383178 0.000000 0.000000 0.000000 1.000000
0.860245 0.039736 0.508331 -3.235948 -0.150743 0.972213 0.179105 97.277435 -0.487089 -0.230701 0.842331 2.380494 0.000000 0.000000 0.000000 1.000000
0.833427 0.036154 0.551446 -2.961565 -0.164066 0.969056 0.184427 95.888351 -0.527714 -0.244180 0.813569 2.259948 0.000000 0.000000 0.000000 1.000000
0.819197 0.031134 0.572667 -2.644835 -0.173394 0.965241 0.195563 94.041389 -0.546673 -0.259502 0.796120 2.074941 0.000000 0.000000 0.000000 1.000000
0.818346 0.027347 0.574075 -2.302319 -0.180442 0.960586 0.211461 91.986763 -0.545665 -0.276636 0.791026 1.826907 0.000000 0.000000 0.000000 1.000000
0.823782 0.025073 0.566352 -1.999848 -0.186442 0.955431 0.228889 89.930283 -0.535371 -0.294146 0.791742 1.506276 0.000000 0.000000 0.000000 1.000000
0.829357 0.023358 0.558230 -1.818703 -0.191482 0.950500 0.244712 88.056129 -0.524882 -0.309845 0.792777 1.150518 0.000000 0.000000 0.000000 1.000000
0.835725 0.022218 0.548698 -1.779135 -0.194274 0.946527 0.257573 86.586891 -0.513635 -0.321858 0.795353 0.825607 0.000000 0.000000 0.000000 1.000000
0.846952 0.023099 0.531168 -1.848150 -0.193424 0.943983 0.267365 85.773384 -0.495237 -0.329185 0.803976 0.583753 0.000000 0.000000 0.000000 1.000000
0.863274 0.027762 0.503972 -2.002969 -0.190200 0.942773 0.273867 85.806374 -0.467528 -0.332278 0.819151 0.455296 0.000000 0.000000 0.000000 1.000000
0.879921 0.038375 0.473567 -2.254577 -0.189683 0.942228 0.276093 86.710258 -0.435613 -0.332768 0.836365 0.453382 0.000000 0.000000 0.000000 1.000000
0.892267 0.057269 0.447862 -2.605529 -0.197238 0.941712 0.272535 88.303848 -0.406150 -0.331509 0.851554 0.565354 0.000000 0.000000 0.000000 1.000000
0.899071 0.084099 0.429648 -3.002871 -0.212923 0.941489 0.261270 90.265778 -0.382537 -0.326383 0.864373 0.748379 0.000000 0.000000 0.000000 1.000000
0.902318 0.113712 0.415803 -3.353577 -0.230210 0.942626 0.241783 92.249138 -0.364453 -0.313887 0.876726 0.942889 0.000000 0.000000 0.000000 1.000000
0.905930 0.138576 0.400110 -3.575428 -0.240791 0.945869 0.217602 93.973984 -0.348297 -0.293475 0.890259 1.088031 0.000000 0.000000 0.000000 1.000000
0.913172 0.153564 0.377539 -3.625944 -0.240430 0.950929 0.194750 95.293495 -0.329106 -0.268611 0.905283 1.129302 0.000000 0.000000 0.000000 1.000000
0.924313 0.157573 0.347587 -3.510745 -0.229959 0.956830 0.177749 96.161339 -0.304574 -0.244226 0.920646 1.029076 0.000000 0.000000 0.000000 1.000000
0.937115 0.152448 0.313968 -3.245267 -0.212766 0.962613 0.167652 96.577553 -0.276671 -0.223911 0.934514 0.772904 0.000000 0.000000 0.000000 1.000000
0.949630 0.140371 0.280176 -2.842412 -0.190996 0.968072 0.162348 96.515388 -0.248442 -0.207683 0.946121 0.354310 0.000000 0.000000 0.000000 1.000000
0.961484 0.122147 0.246228 -2.337543 -0.164181 0.973680 0.158085 95.922081 -0.220438 -0.192423 0.956233 -0.200904 0.000000 0.000000 0.000000 1.000000
0.972499 0.098339 0.211130 -1.796916 -0.132098 0.979474 0.152251 94.830330 -0.191825 -0.175954 0.965528 -0.799603 0.000000 0.000000 0.000000 1.000000
0.981599 0.071545 0.177043 -1.300483 -0.098108 0.984386 0.146147 93.394142 -0.163822 -0.160827 0.973292 -1.324306 0.000000 0.000000 0.000000 1.000000
0.987795 0.046419 0.148685 -0.920885 -0.068093 0.987206 0.144179 91.805656 -0.140090 -0.152543 0.978318 -1.711071 0.000000 0.000000 0.000000 1.000000
0.991288 0.026961 0.128920 -0.673625 -0.046183 0.987830 0.148525 90.288345 -0.123347 -0.153185 0.980469 -1.982694 0.000000 0.000000 0.000000 1.000000
0.993208 0.012985 0.115621 -0.524924 -0.031096 0.987228 0.156247 89.082634 -0.112116 -0.158781 0.980927 -2.188305 0.000000 0.000000 0.000000 1.000000
0.994518 0.002908 0.104528 -0.422012 -0.020020 0.986418 0.163028 88.453842 -0.102635 -0.164227 0.981069 -2.335250 0.000000 0.000000 0.000000 1.000000
0.995545 -0.004115 0.094201 -0.325078 -0.011721 0.985899 0.166932 88.593719 -0.093559 -0.167293 0.981458 -2.382798 0.000000 0.000000 0.000000 1.000000
0.996348 -0.009022 0.084912 -0.215166 -0.005335 0.985881 0.167362 89.522980 -0.085223 -0.167203 0.982232 -2.293042 0.000000 0.000000 0.000000 1.000000
0.997098 -0.013830 0.074858 -0.101619 0.001426 0.986580 0.163270 91.080582 -0.076112 -0.162689 0.983737 -2.076528 0.000000 0.000000 0.000000 1.000000
0.997856 -0.020326 0.062215 -0.003014 0.010523 0.988014 0.154006 93.015198 -0.064600 -0.153021 0.986109 -1.787747 0.000000 0.000000 0.000000 1.000000
0.998427 -0.027462 0.048890 0.097128 0.020379 0.989959 0.139878 95.102158 -0.052240 -0.138662 0.988961 -1.479412 0.000000 0.000000 0.000000 1.000000
0.998721 -0.032476 0.038761 0.235303 0.027559 0.992238 0.121262 97.142250 -0.042398 -0.120039 0.991863 -1.169929 0.000000 0.000000 0.000000 1.000000
0.998841 -0.034486 0.033572 0.414759 0.031025 0.994638 0.098658 98.932556 -0.036794 -0.097502 0.994555 -0.849366 0.000000 0.000000 0.000000 1.000000
0.998874 -0.035068 0.031964 0.586623 0.032595 0.996661 0.074863 100.286827 -0.034482 -0.073737 0.996681 -0.506934 0.000000 0.000000 0.000000 1.000000
0.998892 -0.034744 0.031749 0.695057 0.032917 0.997867 0.056376 101.081085 -0.033640 -0.055268 0.997905 -0.179645 0.000000 0.000000 0.000000 1.000000
0.998985 -0.031835 0.031855 0.732070 0.030217 0.998291 0.050025 101.261963 -0.033393 -0.049011 0.998240 0.018732 0.000000 0.000000 0.000000 1.000000
0.999187 -0.025769 0.030996 0.731779 0.023948 0.998044 0.057753 100.860794 -0.032424 -0.056964 0.997850 -0.034263 0.000000 0.000000 0.000000 1.000000
0.999464 -0.019810 0.026055 0.707038 0.017763 0.996905 0.076582 99.979156 -0.027491 -0.076078 0.996723 -0.347467 0.000000 0.000000 0.000000 1.000000
0.999714 -0.018687 0.014935 0.619470 0.017066 0.994629 0.102092 98.733070 -0.016763 -0.101808 0.994663 -0.790516 0.000000 0.000000 0.000000 1.000000
0.999736 -0.022973 0.000212 0.422629 0.022756 0.991462 0.128394 97.237602 -0.003160 -0.128355 0.991723 -1.195300 0.000000 0.000000 0.000000 1.000000
0.999534 -0.027422 -0.013415 0.117333 0.029105 0.988594 0.147767 95.624718 0.009210 -0.148088 0.988931 -1.462238 0.000000 0.000000 0.000000 1.000000
0.999285 -0.027979 -0.025427 -0.261729 0.031625 0.987148 0.156651 94.071014 0.020717 -0.157343 0.987327 -1.589513 0.000000 0.000000 0.000000 1.000000
0.998840 -0.027533 -0.039512 -0.690961 0.033372 0.987245 0.155669 92.792542 0.034722 -0.156807 0.987019 -1.622761 0.000000 0.000000 0.000000 1.000000
0.997963 -0.031273 -0.055610 -1.162693 0.039124 0.988479 0.146215 92.059868 0.050397 -0.148093 0.987689 -1.608142 0.000000 0.000000 0.000000 1.000000
0.997097 -0.039338 -0.065190 -1.702665 0.047551 0.990419 0.129651 92.058121 0.059466 -0.132374 0.989414 -1.550217 0.000000 0.000000 0.000000 1.000000
0.997215 -0.045887 -0.058798 -2.344366 0.052079 0.992729 0.108523 92.800232 0.053391 -0.111283 0.992353 -1.422842 0.000000 0.000000 0.000000 1.000000
0.998141 -0.047340 -0.038382 -3.118450 0.050493 0.995029 0.085838 94.089569 0.034127 -0.087616 0.995570 -1.224515 0.000000 0.000000 0.000000 1.000000
0.998807 -0.045846 -0.016806 -4.003804 0.046822 0.996898 0.063269 95.615395 0.013853 -0.063980 0.997855 -1.004263 0.000000 0.000000 0.000000 1.000000
0.998954 -0.045400 -0.005516 -4.893411 0.045588 0.998117 0.041049 97.093056 0.003642 -0.041258 0.999142 -0.829122 0.000000 0.000000 0.000000 1.000000
0.998791 -0.048422 -0.008489 -5.665833 0.048584 0.998618 0.020045 98.325096 0.007507 -0.020433 0.999763 -0.740656 0.000000 0.000000 0.000000 1.000000
0.998062 -0.055953 -0.027213 -6.283675 0.056021 0.998428 0.001733 99.216911 0.027073 -0.003254 0.999628 -0.735893 0.000000 0.000000 0.000000 1.000000
0.995537 -0.068802 -0.064599 -6.781043 0.068054 0.997588 -0.013701 99.741875 0.065386 0.009244 0.997817 -0.790196 0.000000 0.000000 0.000000 1.000000
0.988666 -0.087939 -0.121680 -7.159902 0.085213 0.995985 -0.027435 99.875793 0.123604 0.016755 0.992190 -0.891319 0.000000 0.000000 0.000000 1.000000
0.974457 -0.114324 -0.193299 -7.357537 0.108673 0.993287 -0.039624 99.559883 0.196531 0.017606 0.980340 -1.030523 0.000000 0.000000 0.000000 1.000000
0.952068 -0.146843 -0.268334 -7.339180 0.138991 0.989123 -0.048137 98.731339 0.272484 0.008534 0.962122 -1.153134 0.000000 0.000000 0.000000 1.000000
0.925556 -0.179340 -0.333442 -7.191839 0.172569 0.983724 -0.050080 97.404678 0.336996 -0.011190 0.941439 -1.156782 0.000000 0.000000 0.000000 1.000000
0.903629 -0.202061 -0.377658 -7.082939 0.201106 0.978650 -0.042424 95.668350 0.378167 -0.037614 0.924973 -0.968293 0.000000 0.000000 0.000000 1.000000
0.894910 -0.208391 -0.394600 -7.114796 0.217154 0.975869 -0.022883 93.653137 0.389846 -0.065210 0.918568 -0.608693 0.000000 0.000000 0.000000 1.000000
0.902228 -0.199414 -0.382386 -7.254355 0.218647 0.975779 0.007021 91.577896 0.371724 -0.089942 0.923976 -0.170303 0.000000 0.000000 0.000000 1.000000
0.920405 -0.181908 -0.346070 -7.430315 0.208850 0.977051 0.041879 89.730408 0.330510 -0.110822 0.937273 0.253793 0.000000 0.000000 0.000000 1.000000
0.939797 -0.163955 -0.299835 -7.647917 0.194629 0.977985 0.075262 88.342743 0.280894 -0.129087 0.951018 0.616563 0.000000 0.000000 0.000000 1.000000
0.953389 -0.151619 -0.260886 -7.942321 0.182801 0.978092 0.099597 87.509178 0.240070 -0.142645 0.960218 0.906682 0.000000 0.000000 0.000000 1.000000
0.959910 -0.146860 -0.238757 -8.263895 0.176390 0.978453 0.107317 87.250000 0.217852 -0.145129 0.965131 1.107368 0.000000 0.000000 0.000000 1.000000
0.961188 -0.148694 -0.232397 -8.507950 0.175163 0.979686 0.097639 87.589088 0.213158 -0.134557 0.967708 1.193176 0.000000 0.000000 0.000000 1.000000
0.959142 -0.156425 -0.235748 -8.623718 0.179026 0.980779 0.077598 88.541718 0.219078 -0.116632 0.968711 1.161028 0.000000 0.000000 0.000000 1.000000
0.955145 -0.169682 -0.242707 -8.605389 0.187766 0.980769 0.053253 90.006546 0.229003 -0.096437 0.968637 1.039802 0.000000 0.000000 0.000000 1.000000
0.950366 -0.185738 -0.249613 -8.409955 0.198085 0.979865 0.025057 91.690361 0.239932 -0.073258 0.968022 0.868428 0.000000 0.000000 0.000000 1.000000
0.945508 -0.200194 -0.256781 -7.978996 0.205197 0.978692 -0.007450 93.142494 0.252801 -0.045647 0.966441 0.668003 0.000000 0.000000 0.000000 1.000000
0.940379 -0.210595 -0.267089 -7.349703 0.206853 0.977453 -0.042407 94.007889 0.269998 -0.015370 0.962738 0.420581 0.000000 0.000000 0.000000 1.000000
0.934814 -0.216789 -0.281291 -6.666676 0.203189 0.976106 -0.077021 94.282883 0.291267 0.014845 0.956527 0.084700 0.000000 0.000000 0.000000 1.000000
0.930121 -0.218500 -0.295183 -6.089946 0.195009 0.974927 -0.107188 94.251251 0.311203 0.042134 0.949409 -0.356037 0.000000 0.000000 0.000000 1.000000
0.928686 -0.214771 -0.302351 -5.701314 0.184085 0.974681 -0.126927 94.086639 0.321955 0.062217 0.944708 -0.881014 0.000000 0.000000 0.000000 1.000000
0.932179 -0.204767 -0.298519 -5.478621 0.172256 0.976206 -0.131722 93.628899 0.318388 0.071367 0.945270 -1.448261 0.000000 0.000000 0.000000 1.000000
0.940863 -0.186676 -0.282717 -5.363731 0.157910 0.979946 -0.121536 92.593216 0.299735 0.069705 0.951473 -1.988361 0.000000 0.000000 0.000000 1.000000
0.953712 -0.157509 -0.256173 -5.337934 0.135933 0.985661 -0.099970 90.854134 0.268246 0.060520 0.961448 -2.406461 0.000000 0.000000 0.000000 1.000000
0.968065 -0.117858 -0.221267 -5.398890 0.104556 0.991986 -0.070942 88.558846 0.227855 0.045541 0.972630 -2.606941 0.000000 0.000000 0.000000 1.000000
0.980453 -0.075043 -0.181880 -5.466979 0.069553 0.996914 -0.036385 86.070366 0.184049 0.023024 0.982647 -2.528108 0.000000 0.000000 0.000000 1.000000
0.988908 -0.039223 -0.143260 -5.409305 0.039861 0.999204 0.001586 83.909470 0.143084 -0.007279 0.989684 -2.184212 0.000000 0.000000 0.000000 1.000000
0.993861 -0.015372 -0.109562 -5.168794 0.019526 0.999127 0.036936 82.545624 0.108899 -0.038848 0.993293 -1.680883 0.000000 0.000000 0.000000 1.000000
0.996582 -0.001478 -0.082597 -4.841115 0.006647 0.998033 0.062341 82.248520 0.082342 -0.062677 0.994631 -1.147212 0.000000 0.000000 0.000000 1.000000
0.998004 0.007700 -0.062685 -4.536649 -0.002927 0.997113 0.075878 83.038231 0.063088 -0.075543 0.995145 -0.647954 0.000000 0.000000 0.000000 1.000000
0.998680 0.015441 -0.048983 -4.285344 -0.011427 0.996633 0.081190 84.671402 0.050072 -0.080523 0.995494 -0.167950 0.000000 0.000000 0.000000 1.000000
0.998995 0.020308 -0.039946 -4.045081 -0.017000 0.996531 0.081470 86.731659 0.041462 -0.080709 0.995875 0.331621 0.000000 0.000000 0.000000 1.000000
0.999227 0.020078 -0.033807 -3.766588 -0.017436 0.996901 0.076709 88.751808 0.035242 -0.076060 0.996480 0.848050 0.000000 0.000000 0.000000 1.000000
0.999419 0.016893 -0.029587 -3.427694 -0.014910 0.997707 0.066014 90.350487 0.030635 -0.065534 0.997380 1.331683 0.000000 0.000000 0.000000 1.000000
0.999479 0.015601 -0.028244 -3.031769 -0.014131 0.998573 0.051491 91.335541 0.029007 -0.051065 0.998274 1.731255 0.000000 0.000000 0.000000 1.000000
0.999437 0.017995 -0.028329 -2.587629 -0.016907 0.999127 0.038208 91.715401 0.028992 -0.037707 0.998868 2.024270 0.000000 0.000000 0.000000 1.000000
0.999347 0.021698 -0.028876 -2.106368 -0.020816 0.999318 0.030506 91.616417 0.029518 -0.029885 0.999117 2.193779 0.000000 0.000000 0.000000 1.000000
0.999262 0.024222 -0.029824 -1.601096 -0.023308 0.999259 0.030619 91.163010 0.030543 -0.029902 0.999086 2.207717 0.000000 0.000000 0.000000 1.000000
0.999167 0.026396 -0.031117 -1.178200 -0.025186 0.998935 0.038650 90.388504 0.032104 -0.037834 0.998768 2.129252 0.000000 0.000000 0.000000 1.000000
0.998951 0.032079 -0.032669 -0.834437 -0.030413 0.998272 0.050275 89.252686 0.034226 -0.049229 0.998201 2.001772 0.000000 0.000000 0.000000 1.000000
0.998444 0.043865 -0.034419 -0.485762 -0.041629 0.997132 0.063204 87.768730 0.037093 -0.061673 0.997407 1.841245 0.000000 0.000000 0.000000 1.000000
0.997590 0.059115 -0.036335 -0.151596 -0.056193 0.995464 0.076766 86.037621 0.040708 -0.074539 0.996387 1.655412 0.000000 0.000000 0.000000 1.000000
0.996667 0.071967 -0.038410 0.130948 -0.068271 0.993586 0.090140 84.171883 0.044651 -0.087217 0.995188 1.452415 0.000000 0.000000 0.000000 1.000000</float_array>
        <technique_common>
          <accessor source="#mixamorig_Hips-Matrix-animation-output-transform-array" count="136" stride="16">
            <param type="float4x4"/>
          </accessor>
        </technique_common>
      </source>
      <source id="mixamorig_Hips-Interpolations">
        <Name_array id="mixamorig_Hips-Interpolations-array" count="136">
 LINEAR LINEAR LINEAR LINEAR LINEAR LINEAR LINEAR LINEAR LINEAR LINEAR LINEAR
LINEAR LINEAR LINEAR LINEAR LINEAR LINEAR LINEAR LINEAR LINEAR LINEAR LINEAR LINEAR
LINEAR LINEAR LINEAR LINEAR LINEAR LINEAR LINEAR LINEAR LINEAR LINEAR LINEAR LINEAR
LINEAR LINEAR LINEAR LINEAR LINEAR LINEAR LINEAR LINEAR LINEAR LINEAR LINEAR LINEAR
LINEAR LINEAR LINEAR LINEAR LINEAR LINEAR LINEAR LINEAR LINEAR LINEAR LINEAR LINEAR
LINEAR LINEAR LINEAR LINEAR LINEAR LINEAR LINEAR LINEAR LINEAR LINEAR LINEAR LINEAR
LINEAR LINEAR LINEAR LINEAR LINEAR LINEAR LINEAR LINEAR LINEAR LINEAR LINEAR LINEAR
LINEAR LINEAR LINEAR LINEAR LINEAR LINEAR LINEAR LINEAR LINEAR LINEAR LINEAR LINEAR
LINEAR LINEAR LINEAR LINEAR LINEAR LINEAR LINEAR LINEAR LINEAR LINEAR LINEAR LINEAR
LINEAR LINEAR LINEAR LINEAR LINEAR LINEAR LINEAR LINEAR LINEAR LINEAR LINEAR LINEAR
LINEAR LINEAR LINEAR LINEAR LINEAR LINEAR LINEAR LINEAR LINEAR LINEAR LINEAR LINEAR
LINEAR LINEAR LINEAR LINEAR LINEAR</Name_array>
        <technique_common>
          <accessor source="#mixamorig_Hips-Interpolations-array" count="136">
            <param type="name"/>
          </accessor>
        </technique_common>
      </source>
      <sampler id="mixamorig_Hips-Matrix-animation-transform">
        <input semantic="INPUT" source="#mixamorig_Hips-Matrix-animation-input"/>
        <input semantic="OUTPUT" source="#mixamorig_Hips-Matrix-animation-output-transform"/>
        <input semantic="INTERPOLATION" source="#mixamorig_Hips-Interpolations"/>
      </sampler>
      <channel source="#mixamorig_Hips-Matrix-animation-transform" target="mixamorig_Hips/matrix"/>
    </animation>
    <animation id="mixamorig_Spine-anim" name="mixamorig_Spine">
      <source id="mixamorig_Spine-Matrix-animation-input">
        <float_array id="mixamorig_Spine-Matrix-animation-input-array" count="136">

0.000000 0.033333 0.066667 0.100000 0.133333 0.166667 0.200000 0.233333 0.266667 0.300000 0.333333 0.366667 0.400000 0.433333 0.466667 0.500000
0.533333 0.566667 0.600000 0.633333 0.666667 0.700000 0.733333 0.766667 0.800000 0.833333 0.866667 0.900000 0.933333 0.966667 1.000000 1.033333
1.066667 1.100000 1.133333 1.166667 1.200000 1.233333 1.266667 1.300000 1.333333 1.366667 1.400000 1.433333 1.466667 1.500000 1.533333 1.566667
1.600000 1.633333 1.666667 1.700000 1.733333 1.766667 1.800000 1.833333 1.866667 1.900000 1.933333 1.966667 2.000000 2.033333 2.066667 2.100000
2.133333 2.166667 2.200000 2.233333 2.266667 2.300000 2.333333 2.366667 2.400000 2.433333 2.466667 2.500000 2.533333 2.566667 2.600000 2.633333
2.666667 2.700000 2.733333 2.766667 2.800000 2.833333 2.866667 2.900000 2.933333 2.966667 3.000000 3.033333 3.066667 3.100000 3.133333 3.166667
3.200000 3.233333 3.266667 3.300000 3.333333 3.366667 3.400000 3.433333 3.466667 3.500000 3.533333 3.566667 3.600000 3.633333 3.666667 3.700000
3.733333 3.766667 3.800000 3.833333 3.866667 3.900000 3.933333 3.966667 4.000000 4.033333 4.066667 4.100000 4.133333 4.166667 4.200000 4.233333
4.266667 4.300000 4.333333 4.366667 4.400000 4.433333 4.466667 4.500000</float_array>
        <technique_common>
          <accessor source="#mixamorig_Spine-Matrix-animation-input-array" count="136">
            <param name="TIME" type="float"/>
          </accessor>
        </technique_common>
      </source>
      <source id="mixamorig_Spine-Matrix-animation-output-transform">
        <float_array id="mixamorig_Spine-Matrix-animation-output-transform-array" count="2176">

0.993507 -0.112470 0.017153 0.004700 0.113385 0.991225 -0.067954 5.245300 -0.009360 0.069457 0.997541 0.258800 0.000000 0.000000 0.000000 1.000000
0.993867 -0.108755 0.020037 0.004700 0.110082 0.990235 -0.085541 5.245300 -0.010538 0.087222 0.996133 0.258800 0.000000 0.000000 0.000000 1.000000
0.994882 -0.098616 0.022002 0.004700 0.100190 0.991034 -0.088399 5.245300 -0.013088 0.090151 0.995842 0.258800 0.000000 0.000000 0.000000 1.000000
0.996157 -0.084619 0.022613 0.004700 0.086229 0.992759 -0.083630 5.245300 -0.015373 0.085259 0.996240 0.258800 0.000000 0.000000 0.000000 1.000000
0.997460 -0.066796 0.024749 0.004700 0.068512 0.994703 -0.076631 5.245300 -0.019500 0.078132 0.996752 0.258800 0.000000 0.000000 0.000000 1.000000
0.998468 -0.047475 0.028431 0.004700 0.049267 0.996601 -0.066030 5.245300 -0.025200 0.067329 0.997413 0.258800 0.000000 0.000000 0.000000 1.000000
0.999009 -0.031833 0.031124 0.004700 0.033363 0.998194 -0.049947 5.245300 -0.029478 0.050936 0.998267 0.258800 0.000000 0.000000 0.000000 1.000000
0.999233 -0.023278 0.031501 0.004700 0.024246 0.999235 -0.030684 5.245300 -0.030762 0.031424 0.999033 0.258800 0.000000 0.000000 0.000000 1.000000
0.999300 -0.022231 0.030080 0.004700 0.022640 0.999655 -0.013318 5.245300 -0.029773 0.013989 0.999459 0.258800 0.000000 0.000000 0.000000 1.000000
0.999246 -0.026724 0.028180 0.004700 0.026825 0.999635 -0.003196 5.245300 -0.028084 0.003949 0.999598 0.258800 0.000000 0.000000 0.000000 1.000000
0.999059 -0.033752 0.027238 0.004700 0.033903 0.999412 -0.005110 5.245300 -0.027049 0.006029 0.999616 0.258800 0.000000 0.000000 0.000000 1.000000
0.998808 -0.040319 0.027529 0.004700 0.040913 0.998935 -0.021352 5.245300 -0.026638 0.022453 0.999393 0.258800 0.000000 0.000000 0.000000 1.000000
0.998572 -0.045667 0.027737 0.004700 0.046970 0.997727 -0.048314 5.245300 -0.025467 0.049548 0.998447 0.258800 0.000000 0.000000 0.000000 1.000000
0.998344 -0.050954 0.026715 0.004700 0.052890 0.995578 -0.077634 5.245300 -0.022641 0.078919 0.996624 0.258800 0.000000 0.000000 0.000000 1.000000
0.998126 -0.056279 0.024043 0.004700 0.058464 0.992990 -0.102727 5.245300 -0.018093 0.103940 0.994419 0.258800 0.000000 0.000000 0.000000 1.000000
0.998018 -0.059825 0.019525 0.004700 0.061756 0.990727 -0.121021 5.245300 -0.012104 0.121987 0.992458 0.258800 0.000000 0.000000 0.000000 1.000000
0.998129 -0.059457 0.014293 0.004700 0.060814 0.989637 -0.130079 5.245300 -0.006410 0.130705 0.991401 0.258800 0.000000 0.000000 0.000000 1.000000
0.998527 -0.053241 0.010485 0.004700 0.054149 0.990221 -0.128567 5.245300 -0.003537 0.128945 0.991645 0.258800 0.000000 0.000000 0.000000 1.000000
0.999116 -0.040975 0.009396 0.004700 0.041804 0.991976 -0.119318 5.245300 -0.004431 0.119605 0.992812 0.258800 0.000000 0.000000 0.000000 1.000000
0.999647 -0.024310 0.010735 0.004700 0.025303 0.994167 -0.104843 5.245300 -0.008124 0.105077 0.994431 0.258800 0.000000 0.000000 0.000000 1.000000
0.999895 -0.007084 0.012643 0.004700 0.008118 0.996457 -0.083717 5.245300 -0.012005 0.083811 0.996409 0.258800 0.000000 0.000000 0.000000 1.000000
0.999890 0.007081 0.013010 0.004700 -0.006341 0.998411 -0.055995 5.245300 -0.013386 0.055907 0.998346 0.258800 0.000000 0.000000 0.000000 1.000000
0.999771 0.017915 0.011741 0.004700 -0.017581 0.999455 -0.027932 5.245300 -0.012235 0.027719 0.999541 0.258800 0.000000 0.000000 0.000000 1.000000
0.999567 0.027163 0.011348 0.004700 -0.027087 0.999610 -0.006743 5.245300 -0.011527 0.006432 0.999913 0.258800 0.000000 0.000000 0.000000 1.000000
0.999327 0.033887 0.014041 0.004700 -0.033977 0.999403 0.006265 5.245300 -0.013820 -0.006738 0.999882 0.258800 0.000000 0.000000 0.000000 1.000000
0.999186 0.035689 0.018809 0.004700 -0.035932 0.999273 0.012749 5.245300 -0.018340 -0.013414 0.999742 0.258800 0.000000 0.000000 0.000000 1.000000
0.999155 0.034217 0.022791 0.004700 -0.034459 0.999353 0.010325 5.245300 -0.022423 -0.011101 0.999687 0.258800 0.000000 0.000000 0.000000 1.000000
0.999090 0.034719 0.024763 0.004700 -0.034593 0.999386 -0.005475 5.245300 -0.024938 0.004614 0.999678 0.258800 0.000000 0.000000 0.000000 1.000000
0.998943 0.038669 0.024854 0.004700 -0.037862 0.998764 -0.032188 5.245300 -0.026068 0.031213 0.999173 0.258800 0.000000 0.000000 0.000000 1.000000
0.998911 0.041462 0.021407 0.004700 -0.040108 0.997380 -0.060210 5.245300 -0.023848 0.059286 0.997956 0.258800 0.000000 0.000000 0.000000 1.000000
0.999160 0.038803 0.013171 0.004700 -0.037563 0.995751 -0.084075 5.245300 -0.016377 0.083509 0.996372 0.258800 0.000000 0.000000 0.000000 1.000000
0.999442 0.033214 0.003522 0.004700 -0.032652 0.993808 -0.106201 5.245300 -0.007028 0.106027 0.994338 0.258800 0.000000 0.000000 0.000000 1.000000
0.999503 0.031353 -0.003352 0.004700 -0.031525 0.991572 -0.125663 5.245300 -0.000616 0.125706 0.992067 0.258800 0.000000 0.000000 0.000000 1.000000
0.999265 0.037492 -0.007990 0.004700 -0.038224 0.990309 -0.133521 5.245300 0.002906 0.133728 0.991014 0.258800 0.000000 0.000000 0.000000 1.000000
0.998633 0.050674 -0.012781 0.004700 -0.051877 0.990792 -0.125063 5.245300 0.006326 0.125555 0.992066 0.258800 0.000000 0.000000 0.000000 1.000000
0.997490 0.068587 -0.017573 0.004700 -0.070085 0.991732 -0.107497 5.245300 0.010054 0.108459 0.994050 0.258800 0.000000 0.000000 0.000000 1.000000
0.995615 0.091125 -0.021150 0.004700 -0.092689 0.991493 -0.091381 5.245300 0.012643 0.092940 0.995591 0.258800 0.000000 0.000000 0.000000 1.000000
0.992660 0.118610 -0.023632 0.004700 -0.120150 0.989467 -0.080734 5.245300 0.013807 0.082981 0.996455 0.258800 0.000000 0.000000 0.000000 1.000000
0.988725 0.147639 -0.025025 0.004700 -0.149110 0.986060 -0.073833 5.245300 0.013776 0.076732 0.996957 0.258800 0.000000 0.000000 0.000000 1.000000
0.984585 0.173241 -0.024095 0.004700 -0.174522 0.982197 -0.069499 5.245300 0.011626 0.072633 0.997291 0.258800 0.000000 0.000000 0.000000 1.000000
0.980588 0.194946 -0.021030 0.004700 -0.195953 0.978134 -0.069683 5.245300 0.006986 0.072452 0.997347 0.258800 0.000000 0.000000 0.000000 1.000000
0.976319 0.215477 -0.019272 0.004700 -0.216329 0.973201 -0.077985 5.245300 0.001951 0.080308 0.996768 0.258800 0.000000 0.000000 0.000000 1.000000
0.971644 0.235474 -0.021463 0.004700 -0.236440 0.966742 -0.097502 5.245300 -0.002210 0.099812 0.995004 0.258800 0.000000 0.000000 0.000000 1.000000
0.966854 0.254147 -0.024544 0.004700 -0.255172 0.958413 -0.127798 5.245300 -0.008956 0.129825 0.991497 0.258800 0.000000 0.000000 0.000000 1.000000
0.961809 0.272860 -0.021716 0.004700 -0.272678 0.948194 -0.163019 5.245300 -0.023890 0.162715 0.986384 0.258800 0.000000 0.000000 0.000000 1.000000
0.955783 0.293889 -0.010370 0.004700 -0.290185 0.936845 -0.195229 5.245300 -0.047660 0.189606 0.980703 0.258800 0.000000 0.000000 0.000000 1.000000
0.948713 0.316115 0.003845 0.004700 -0.307510 0.925576 -0.220787 5.245300 -0.073352 0.208281 0.975315 0.258800 0.000000 0.000000 0.000000 1.000000
0.942135 0.334980 0.013082 0.004700 -0.322100 0.915346 -0.241646 5.245300 -0.092921 0.223449 0.970276 0.258800 0.000000 0.000000 0.000000 1.000000
0.937695 0.347145 0.014782 0.004700 -0.331643 0.906891 -0.259927 5.245300 -0.103638 0.238830 0.965515 0.258800 0.000000 0.000000 0.000000 1.000000
0.935219 0.353855 0.012315 0.004700 -0.337349 0.901080 -0.272490 5.245300 -0.107519 0.250683 0.962080 0.258800 0.000000 0.000000 0.000000 1.000000
0.933102 0.359458 0.010562 0.004700 -0.343157 0.898802 -0.272761 5.245300 -0.107539 0.250889 0.962024 0.258800 0.000000 0.000000 0.000000 1.000000
0.930339 0.366531 0.011176 0.004700 -0.351450 0.899928 -0.258096 5.245300 -0.104658 0.236189 0.966055 0.258800 0.000000 0.000000 0.000000 1.000000
0.928188 0.371926 0.011779 0.004700 -0.359262 0.903933 -0.232025 5.245300 -0.096944 0.211131 0.972639 0.258800 0.000000 0.000000 0.000000 1.000000
0.929406 0.368960 0.008555 0.004700 -0.359951 0.911343 -0.199725 5.245300 -0.081487 0.182546 0.979815 0.258800 0.000000 0.000000 0.000000 1.000000
0.935113 0.354349 -0.000309 0.004700 -0.349561 0.922335 -0.164639 5.245300 -0.058054 0.154064 0.986354 0.258800 0.000000 0.000000 0.000000 1.000000
0.943299 0.331736 -0.011737 0.004700 -0.330412 0.934968 -0.129083 5.245300 -0.031848 0.125642 0.991564 0.258800 0.000000 0.000000 0.000000 1.000000
0.951261 0.307710 -0.020429 0.004700 -0.308236 0.946622 -0.094327 5.245300 -0.009687 0.096026 0.995332 0.258800 0.000000 0.000000 0.000000 1.000000
0.958000 0.285652 -0.025263 0.004700 -0.286682 0.956137 -0.060127 5.245300 0.006980 0.064844 0.997871 0.258800 0.000000 0.000000 0.000000 1.000000
0.963987 0.264344 -0.029180 0.004700 -0.265130 0.963820 -0.027501 5.245300 0.020854 0.034248 0.999196 0.258800 0.000000 0.000000 0.000000 1.000000
0.970276 0.239594 -0.034049 0.004700 -0.239763 0.970831 -0.000913 5.245300 0.032838 0.009049 0.999420 0.258800 0.000000 0.000000 0.000000 1.000000
0.977319 0.208165 -0.038930 0.004700 -0.207713 0.978069 0.015347 5.245300 0.041271 -0.006913 0.999124 0.258800 0.000000 0.000000 0.000000 1.000000
0.984244 0.171742 -0.042064 0.004700 -0.170922 0.985030 0.022402 5.245300 0.045281 -0.014860 0.998864 0.258800 0.000000 0.000000 0.000000 1.000000
0.989755 0.136185 -0.042880 0.004700 -0.135197 0.990499 0.025157 5.245300 0.045899 -0.019101 0.998763 0.258800 0.000000 0.000000 0.000000 1.000000
0.993467 0.105978 -0.042323 0.004700 -0.104979 0.994156 0.025172 5.245300 0.044744 -0.020564 0.998787 0.258800 0.000000 0.000000 0.000000 1.000000
0.995863 0.080413 -0.042320 0.004700 -0.079669 0.996641 0.018988 5.245300 0.043705 -0.015537 0.998924 0.258800 0.000000 0.000000 0.000000 1.000000
0.997402 0.056300 -0.044933 0.004700 -0.056157 0.998412 0.004452 5.245300 0.045112 -0.001917 0.998980 0.258800 0.000000 0.000000 0.000000 1.000000
0.998193 0.034501 -0.049192 0.004700 -0.035266 0.999269 -0.014773 5.245300 0.048646 0.016481 0.998680 0.258800 0.000000 0.000000 0.000000 1.000000
0.998532 0.017853 -0.051147 0.004700 -0.019512 0.999294 -0.032112 5.245300 0.050537 0.033063 0.998175 0.258800 0.000000 0.000000 0.000000 1.000000
0.998752 0.006446 -0.049527 0.004700 -0.008558 0.999057 -0.042561 5.245300 0.049205 0.042932 0.997866 0.258800 0.000000 0.000000 0.000000 1.000000
0.998889 -0.001684 -0.047102 0.004700 -0.000383 0.999039 -0.043835 5.245300 0.047131 0.043804 0.997928 0.258800 0.000000 0.000000 0.000000 1.000000
0.998966 -0.006173 -0.045045 0.004700 0.004527 0.999321 -0.036559 5.245300 0.045241 0.036317 0.998316 0.258800 0.000000 0.000000 0.000000 1.000000
0.999136 -0.005001 -0.041262 0.004700 0.004002 0.999698 -0.024261 5.245300 0.041371 0.024075 0.998854 0.258800 0.000000 0.000000 0.000000 1.000000
0.999383 -0.000282 -0.035124 0.004700 -0.000073 0.999949 -0.010111 5.245300 0.035125 0.010107 0.999332 0.258800 0.000000 0.000000 0.000000 1.000000
0.999547 0.001638 -0.030047 0.004700 -0.001429 0.999975 0.006983 5.245300 0.030057 -0.006937 0.999524 0.258800 0.000000 0.000000 0.000000 1.000000
0.999545 -0.001926 -0.030095 0.004700 0.002868 0.999507 0.031281 5.245300 0.030019 -0.031353 0.999057 0.258800 0.000000 0.000000 0.000000 1.000000
0.999341 -0.008815 -0.035212 0.004700 0.011053 0.997897 0.063873 5.245300 0.034575 -0.064220 0.997337 0.258800 0.000000 0.000000 0.000000 1.000000
0.999014 -0.015787 -0.041504 0.004700 0.019776 0.995036 0.097533 5.245300 0.039758 -0.098258 0.994366 0.258800 0.000000 0.000000 0.000000 1.000000
0.998649 -0.022737 -0.046719 0.004700 0.028183 0.992442 0.119434 5.245300 0.043650 -0.120590 0.991742 0.258800 0.000000 0.000000 0.000000 1.000000
0.998135 -0.031965 -0.052016 0.004700 0.038059 0.991956 0.120729 5.245300 0.047738 -0.122484 0.991322 0.258800 0.000000 0.000000 0.000000 1.000000
0.997449 -0.042875 -0.057067 0.004700 0.048554 0.993582 0.102164 5.245300 0.052320 -0.104674 0.993129 0.258800 0.000000 0.000000 0.000000 1.000000
0.997022 -0.050935 -0.057909 0.004700 0.054979 0.995993 0.070537 5.245300 0.054084 -0.073511 0.995827 0.258800 0.000000 0.000000 0.000000 1.000000
0.997137 -0.054701 -0.052200 0.004700 0.056521 0.997821 0.034046 5.245300 0.050224 -0.036899 0.998056 0.258800 0.000000 0.000000 0.000000 1.000000
0.997286 -0.059685 -0.043113 0.004700 0.059717 0.998215 -0.000532 5.245300 0.043068 -0.002044 0.999070 0.258800 0.000000 0.000000 0.000000 1.000000
0.996867 -0.070862 -0.035142 0.004700 0.069735 0.997042 -0.032313 5.245300 0.037328 0.029761 0.998860 0.258800 0.000000 0.000000 0.000000 1.000000
0.995983 -0.084681 -0.029089 0.004700 0.082661 0.994471 -0.064767 5.245300 0.034412 0.062102 0.997476 0.258800 0.000000 0.000000 0.000000 1.000000
0.995218 -0.094634 -0.024191 0.004700 0.091895 0.991080 -0.096513 5.245300 0.033108 0.093829 0.995038 0.258800 0.000000 0.000000 0.000000 1.000000
0.994529 -0.101574 -0.024391 0.004700 0.097961 0.987944 -0.119878 5.245300 0.036273 0.116833 0.992489 0.258800 0.000000 0.000000 0.000000 1.000000
0.992801 -0.113487 -0.038288 0.004700 0.107808 0.986010 -0.127130 5.245300 0.052179 0.122087 0.991147 0.258800 0.000000 0.000000 0.000000 1.000000
0.988944 -0.131415 -0.068696 0.004700 0.122854 0.985537 -0.116718 5.245300 0.083041 0.106988 0.990786 0.258800 0.000000 0.000000 0.000000 1.000000
0.983291 -0.147461 -0.106745 0.004700 0.137714 0.986041 -0.093589 5.245300 0.119055 0.077325 0.989872 0.258800 0.000000 0.000000 0.000000 1.000000
0.977743 -0.156073 -0.140211 0.004700 0.148232 0.986828 -0.064789 5.245300 0.148476 0.042563 0.988000 0.258800 0.000000 0.000000 0.000000 1.000000
